19354332 11 27930554007552.0 9669667840.0 2.4104372652834773 4.739089214951696 0.0
18758770 8 36933812092928.0 7471480320.0 9.188367069172745 11.478208219135336 0.0
19299050 3 28757863694336.0 5636679680.0 10.104303529157782 12.394144679120373 0.0
18927202 14 33363456950272.0 8493098496.0 2.776811849277492 5.427413425263408 0.0
19279479 1 26891499077632.0 8370811904.0 11.85721336411525 13.94837772065352 0.0
19291687 16 29693308829696.0 7261508096.0 4.883465707243076 13.85535460443431 9.38935387773121e-12
19354332 8 27930554007552.0 9476935680.0 4.6086847692475645 13.297215907119048 0.0
18758770 3 36933812092928.0 8825674752.0 5.616214875231105 13.951236661094933 3.5453263588780537e-12
18781589 1 34912260325376.0 7184187392.0 4.791872061244572 13.493268431102416 0.0
19380932 1 26121169010688.0 7248416768.0 4.205785785153568 12.57733197111738 5.298056698216369e-12
