0 7 252773287329792.0 1048081536.0 12.130478634792453 14.134423953091941 4.3554018031022323e-11
0 10 252773287329792.0 40836595712.0 5.799402167228112 6.715338627213148 0.0
0 0 252773287329792.0 3803374848.0 8.82199248517873 12.57733197111738 0.0
0 3 252773287329792.0 4634368512.0 7.173306857205667 10.745459051147307 0.0
0 13 252773287329792.0 28641650688.0 3.967529247258039 8.364024255186212 0.0
0 18 252773287329792.0 16176183296.0 5.982589459225119 8.54721154718322 0.0
0 19 252773287329792.0 21592471552.0 3.417967371267017 6.440557689217638 0.0
0 29 252773287329792.0 15821697024.0 6.074183105223622 8.455617901184716 0.0
0 32 252773287329792.0 14077459456.0 5.799402167228112 7.173306857205667 0.0
0 46 252773287329792.0 8261492736.0 5.707808521229608 7.997649671192199 0.0
0 3 252773287329792.0 4634368512.0 7.173306857205667 10.745459051147307 0.0
0 8 252773287329792.0 4200312576.0 13.218487493106904 14.134423953091941 3.6976807032962355e-11
0 11 252773287329792.0 36620791808.0 5.982589459225119 5.982589459225119 0.0
0 18 252773287329792.0 16176183296.0 5.982589459225119 8.54721154718322 0.0
0 22 252773287329792.0 1997991552.0 11.62427361226545 14.134423953091941 3.242917046009097e-11
0 24 252773287329792.0 3063712768.0 8.730398839180227 12.210957387123365 0.0
0 2 252773287329792.0 1675165312.0 9.921116237160774 12.668925617115883 0.0
0 9 252773287329792.0 40047779840.0 5.4330275832340975 7.081713211207163 0.0
0 11 252773287329792.0 36620791808.0 5.982589459225119 5.982589459225119 0.0
0 15 252773287329792.0 16221238272.0 4.059122893256543 7.9060560251936955 0.0
0 16 252773287329792.0 18990370816.0 5.799402167228112 7.8144623791951915 0.0
0 18 252773287329792.0 16176183296.0 5.982589459225119 8.54721154718322 0.0
0 20 252773287329792.0 16635238400.0 5.799402167228112 7.173306857205667 0.0
0 23 252773287329792.0 6041833984.0 9.55474165316676 13.859643015096431 0.0
0 24 252773287329792.0 3063712768.0 8.730398839180227 12.210957387123365 0.0
0 36 252773287329792.0 11782993920.0 4.059122893256543 7.722868733196688 0.0
0 39 252773287329792.0 9119846400.0 4.661227902948906 8.54721154718322 0.0
0 42 252773287329792.0 4592551424.0 13.676455723099423 14.134423953091941 1.5606793635214444e-11
0 0 252773287329792.0 3803374848.0 8.82199248517873 12.57733197111738 0.0
0 5 252773287329792.0 1365428992.0 8.122587998193477 10.562271759150299 0.0
0 10 252773287329792.0 40836595712.0 5.799402167228112 6.715338627213148 0.0
0 13 252773287329792.0 28641650688.0 3.967529247258039 8.364024255186212 0.0
0 14 252773287329792.0 22917838848.0 3.7843419552610316 7.722868733196688 0.0
