1000000000000 19934846976 7.722868733196688 11.901869163830893 7.306053331768148e-12
1000000000000 13363609600 7.081713211207163 14.134423953091941 1.7996392570607256e-11
1000000000000 6442345472 7.2560262766891706 14.134423953091941 1.0317548898575168e-11
1000000000000 4722628096 9.82952259116227 14.134423953091941 2.0735082054135212e-11
1000000000000 10027814912 6.25737039722063 9.576291258350635 0.0
1000000000000 1579259520 9.383067950813224 14.134423953091941 7.422492481756748e-11
1000000000000 1637083392 11.295020927138328 14.134423953091941 5.4583195602253554e-11
1000000000000 1777997952 9.55474165316676 12.57733197111738 0.0
1000000000000 1055583360 7.9060560251936955 8.638805193181723 0.0
1000000000000 1784277888 6.348964043219134 12.302551033121869 0.0
1000000000000 21468710912 9.188367069172745 14.134423953091941 1.9033882109331657e-11
1000000000000 11136667648 6.25737039722063 12.485738325118875 0.0
1000000000000 5022309376 5.890995813226615 7.9060560251936955 0.0
1000000000000 4416481280 6.532151335216141 11.203427281139826 0.0
1000000000000 1331158784 13.493268431102416 14.134423953091941 7.394743845035023e-11
1000000000000 1117267712 7.9060560251936955 8.730398839180227 0.0
1000000000000 2132145920 9.518657091295344 14.134423953091941 1.8346935082291793e-10
1000000000000 1110675200 12.394144679120373 14.134423953091941 5.4550447492474063e-11
1000000000000 3049807360 5.524621229232601 11.295020927138328 0.0
1000000000000 47433084928 10.287490821154789 14.134423953091941 3.277104976273648e-11
1000000000000 9976484864 13.310081139105408 14.134423953091941 5.4285149292399026e-11
1000000000000 14227624960 12.302551033121869 14.134423953091941 7.498431042751719e-11
1000000000000 16214563840 8.27243060918771 14.134423953091941 1.7983343980620958e-11
1000000000000 48967421952 0 0 4.8827431681219835e-11
1000000000000 78070530048 0 0 3.498291240022766e-11
1000000000000 2256532224 6.074183105223622 14.134423953091941 8.89055357111701e-11
1000000000000 3002583040 13.768049369097927 14.134423953091941 6.86874862543263e-11
1000000000000 7129730560 8.364024255186212 14.134423953091941 1.3688044621373852e-11
1000000000000 1144832640 10.287490821154789 14.134423953091941 1.0164423469571915e-10
1000000000000 6451898368 12.505329766575496 14.134423953091941 1.622840889448085e-10
1000000000000 8530669568 12.668925617115883 14.134423953091941 1.2408182814560575e-10
1000000000000 2831256064 0 0 1.356899592686034e-10
1000000000000 12367157248 10.470678113151797 14.134423953091941 6.122378992667876e-11
1000000000000 34981826560 10.470678113151797 14.134423953091941 1.4674284010141037e-10
1000000000000 2145602048 9.371554361169753 14.134423953091941 6.183024925388025e-11
1000000000000 5630485504 13.218487493106904 14.134423953091941 1.3560123857114803e-10
1000000000000 13295147008 13.218487493106904 14.134423953091941 4.181580429141185e-11
1000000000000 2524777984 5.845377409216786 12.494832329028725 6.8531005523175814e-12
1000000000000 1132333568 7.151195845354705 11.39416988549885 0.0
1000000000000 6334510592 9.371554361169753 14.134423953091941 1.1661911020199867e-11
1000000000000 2345367040 6.806932273211652 14.134423953091941 3.721373556531127e-11
1000000000000 7961594368 10.24269895196932 14.134423953091941 6.50037176863627e-11
1000000000000 14309476352 9.948383723227476 13.66930837199589 8.837939061145939e-12
1000000000000 1062486528 6.25737039722063 12.668925617115883 0.0
1000000000000 1035799296 6.938438491925597 13.04136287038313 0.0
1000000000000 1537447808 5.24984029123709 10.470678113151797 0.0
1000000000000 2555565312 12.31265548191059 14.134423953091941 1.2527291703978705e-10
1000000000000 2020637824 8.304764845311613 12.668925617115883 5.803477490240461e-12
1000000000000 1162712320 8.213676421752545 13.859643015096431 9.239555301410185e-12
1000000000000 1841499392 10.399798587170167 14.134423953091941 6.509053712688839e-11
1000000000000 2035590656 10.217621740052033 14.134423953091941 4.337588968561512e-11
1000000000000 1919566336 7.758234303957206 13.951236661094933 4.338738569809042e-12
1000000000000 10481701888 0 0 3.242908545864065e-12
1000000000000 7882260480 10.470678113151797 14.134423953091941 1.1352294798649964e-10
1000000000000 1329046016 11.56980186513384 11.661395511132342 7.113973472805402e-12
1000000000000 32071348224 11.936176449127855 14.134423953091941 5.4765265239398175e-11
1000000000000 8181867008 11.020239989142818 14.134423953091941 6.336801222639465e-11
1000000000000 21802887168 11.936176449127855 14.134423953091941 6.508643624059118e-11
1000000000000 5484971520 13.86115868241474 14.134423953091941 3.092944303451084e-11
1000000000000 3166520064 12.31265548191059 14.134423953091941 1.3143712507268646e-10
1000000000000 11108758528 13.86115868241474 14.134423953091941 3.6580509454875454e-11
1000000000000 2196666112 11.203427281139826 13.483262139557468 5.717470767663269e-13
1000000000000 2437969920 4.183470816244065 14.134423953091941 9.025323544076258e-11
1000000000000 1286383104 9.371554361169753 14.134423953091941 1.349105271941653e-10
1000000000000 3331555840 11.661395511132342 14.134423953091941 4.086078697618234e-11
1000000000000 3958546176 0 0 2.7882097672349282e-11
1000000000000 3117652224 0 0 2.3030561832615426e-11
1000000000000 1642279936 12.394144679120373 14.134423953091941 1.4956290372847292e-10
1000000000000 1189001216 4.700278415246069 12.302551033121869 0.0
1000000000000 2311335424 7.7693998745676245 13.310081139105408 0.0
