0 0 14620894953472.0 19934846976.0 6.715338627213148 11.936176449127855 7.306053331768148e-12
0 1 14620894953472.0 13363609600.0 6.715338627213148 14.134423953091941 1.7996392570607256e-11
0 2 14620894953472.0 6442345472.0 5.17440592725149 14.134423953091941 1.0317548898575168e-11
0 3 14620894953472.0 4722628096.0 7.997649671192199 14.134423953091941 2.0735082054135212e-11
0 4 14620894953472.0 10027814912.0 5.158246645238586 9.646335299165264 0.0
0 5 14620894953472.0 1579259520.0 7.948696327483803 14.134423953091941 7.422492481756748e-11
0 6 14620894953472.0 1637083392.0 10.104303529157782 14.134423953091941 5.4583195602253554e-11
0 7 14620894953472.0 1777997952.0 8.54721154718322 12.57733197111738 0.0
0 8 14620894953472.0 1055583360.0 5.4330275832340975 8.638805193181723 0.0
0 9 14620894953472.0 1784277888.0 5.982589459225119 12.302551033121869 0.0
0 10 14620894953472.0 21468710912.0 8.089243317190702 14.134423953091941 1.9033882109331657e-11
0 11 14620894953472.0 11136667648.0 5.3414339372355935 12.485738325118875 0.0
0 13 14620894953472.0 5022309376.0 4.059122893256543 7.9060560251936955 0.0
0 14 14620894953472.0 4416481280.0 4.883465707243076 11.203427281139826 0.0
0 15 14620894953472.0 1331158784.0 11.386614573136832 14.134423953091941 7.394743845035023e-11
0 16 14620894953472.0 1117267712.0 5.707808521229608 8.730398839180227 0.0
1 0 8962110914560.0 2132145920.0 9.06613092837411 14.134423953091941 1.8346935082291793e-10
1 1 8962110914560.0 1110675200.0 11.111833635141322 14.134423953091941 5.4550447492474063e-11
1 2 8962110914560.0 3049807360.0 5.158246645238586 11.295020927138328 0.0
1 3 8962110914560.0 47433084928.0 9.737928945163768 14.134423953091941 3.277104976273648e-11
1 4 8962110914560.0 9976484864.0 11.111833635141322 14.134423953091941 5.4285149292399026e-11
1 5 8962110914560.0 14227624960.0 11.478208219135336 14.134423953091941 7.498431042751719e-11
1 6 8962110914560.0 16214563840.0 7.539681441199681 14.134423953091941 1.7983343980620958e-11
5 0 4656181805056.0 3002583040.0 13.768049369097927 14.134423953091941 6.86874862543263e-11
5 1 4656181805056.0 7129730560.0 7.9060560251936955 14.134423953091941 1.3688044621373852e-11
5 2 4656181805056.0 1144832640.0 9.27996071517125 14.134423953091941 1.0164423469571915e-10
5 3 4656181805056.0 6451898368.0 12.143308836238507 14.134423953091941 1.622840889448085e-10
5 4 4656181805056.0 8530669568.0 12.210957387123365 14.134423953091941 1.2408182814560575e-10
5 5 4656181805056.0 2831256064.0 13.951236661094933 14.134423953091941 1.356899592686034e-10
6 0 5123046637568.0 12367157248.0 10.012709883159278 14.134423953091941 6.122378992667876e-11
6 1 5123046637568.0 34981826560.0 10.195897175156285 14.134423953091941 1.4674284010141037e-10
7 0 3371035525120.0 2145602048.0 8.54721154718322 14.134423953091941 6.183024925388025e-11
9 0 4811738578944.0 2524777984.0 5.389935291421447 12.485738325118875 6.8531005523175814e-12
9 2 4811738578944.0 1132333568.0 7.239591137857708 11.295020927138328 0.0
10 0 5361195548672.0 6334510592.0 8.364024255186212 14.134423953091941 1.1661911020199867e-11
10 1 5361195548672.0 2345367040.0 5.799402167228112 14.134423953091941 3.721373556531127e-11
11 0 3767465934848.0 7961594368.0 10.24269895196932 14.134423953091941 6.50037176863627e-11
11 1 3767465934848.0 14309476352.0 9.948383723227476 13.66930837199589 8.837939061145939e-12
11 3 3767465934848.0 1062486528.0 5.3414339372355935 12.646054093584576 0.0
12 0 4764834201600.0 1035799296.0 6.118642679893989 13.018146558461417 0.0
13 0 4627290390528.0 1537447808.0 4.517091123249061 10.470678113151797 0.0
14 0 3592722055168.0 2555565312.0 11.310682822760844 14.134423953091941 1.2527291703978705e-10
14 1 3592722055168.0 2020637824.0 7.029526915484665 12.677009176146859 5.803477490240461e-12
14 2 3592722055168.0 1162712320.0 8.122587998193477 13.86115868241474 9.239555301410185e-12
15 0 3730207932416.0 1841499392.0 9.033472233784153 14.134423953091941 6.509053712688839e-11
15 1 3730207932416.0 2035590656.0 8.942383810225085 14.134423953091941 4.337588968561512e-11
15 2 3730207932416.0 1919566336.0 7.2117037626028 13.952247105973807 4.338738569809042e-12
16 0 3436224970752.0 10481701888.0 13.401674785103912 8.27243060918771 3.242908545864065e-12
17 0 1666937126912.0 7882260480.0 10.195897175156285 14.134423953091941 1.1352294798649964e-10
17 1 1666937126912.0 1329046016.0 11.56980186513384 11.661395511132342 7.113973472805402e-12
17 2 1666937126912.0 32071348224.0 11.936176449127855 14.134423953091941 5.4765265239398175e-11
17 3 1666937126912.0 8181867008.0 11.020239989142818 14.134423953091941 6.336801222639465e-11
18 0 2443141971968.0 21802887168.0 11.936176449127855 14.134423953091941 6.508643624059118e-11
19 0 2473836412928.0 5484971520.0 13.223539717501266 14.134423953091941 3.092944303451084e-11
19 1 2473836412928.0 3166520064.0 10.855240704965507 14.134423953091941 1.3143712507268646e-10
20 0 2529398882304.0 11108758528.0 13.86115868241474 14.134423953091941 3.6580509454875454e-11
21 0 2865099440128.0 2196666112.0 9.463148007168256 13.493268431102416 5.717470767663269e-13
21 2 2865099440128.0 2437969920.0 4.093822589785976 14.134423953091941 9.025323544076258e-11
22 0 2808965234688.0 1286383104.0 8.089243317190702 14.134423953091941 1.349105271941653e-10
23 0 2337174978560.0 3331555840.0 11.56980186513384 14.134423953091941 4.086078697618234e-11
23 2 2337174978560.0 3117652224.0 13.035300201109898 14.134423953091941 2.3030561832615426e-11
24 0 2293518303232.0 1642279936.0 11.386614573136832 14.134423953091941 1.4956290372847292e-10
24 2 2293518303232.0 1189001216.0 4.517091123249061 12.302551033121869 0.0
26 0 1949043523584.0 2311335424.0 6.4246764776962895 13.32758991496914 0.0
27 0 1427741081600.0 7376714240.0 11.111833635141322 14.134423953091941 2.777668095532704e-10
27 1 1427741081600.0 2228820224.0 9.371554361169753 14.134423953091941 5.504974254222361e-11
27 2 1427741081600.0 2616090880.0 8.669118539547883 14.134423953091941 2.1581843256957e-10
28 1 1259638620160.0 2490817280.0 11.85721336411525 14.134423953091941 4.7422860777190934e-11
29 1 1699105341440.0 4121218304.0 8.730398839180227 14.134423953091941 9.553015323238156e-11
33 1 1012783251456.0 8531691008.0 11.478208219135336 14.134423953091941 7.950646391252647e-11
