21109760 0 0 5.707808521229608 8.089243317190702 0.0 
21109760 1 6 5.066652999240083 7.8144623791951915 0.0 
21109760 2 4 2.502030911281981 5.707808521229608 0.0 
21109760 3 2 3.7843419552610316 7.539681441199681 0.0 
21109760 4 0 4.150716539255046 9.371554361169753 0.0 
21109760 5 0 4.883465707243076 14.134423953091941 1.1488096932077418e-11 
21109760 6 0 4.700278415246069 10.745459051147307 0.0 
21109760 7 2 2.4104372652834773 7.26490050320417 0.0 
21109760 8 9 3.7843419552610316 10.470678113151797 0.0 
21109760 9 15 4.333903831252053 9.371554361169753 0.0 
21109760 10 0 3.0515927872730026 8.730398839180227 0.0 
21109760 11 3 3.6011546632640243 6.990119565208659 0.0 
21109760 12 54 10.837052697145811 6.165776751222126 0.0 
21109760 13 6 3.417967371267017 9.27996071517125 0.0 
21109760 14 0 6.623744981214645 11.478208219135336 0.0 
21109760 15 47 11.936176449127855 13.676455723099423 0.0 
21109760 16 1 8.913586131177235 13.859643015096431 0.0 
21109760 17 5 3.0515927872730026 4.24231018525355 0.0 
21109760 18 0 8.089243317190702 13.218487493106904 0.0 
21109760 19 68 8.54721154718322 13.859643015096431 0.0 
21109760 20 14 3.875935601259535 10.379084467153293 0.0 
21109760 21 10 3.23478007927001 9.646335299165264 0.0 
21109760 22 14 4.883465707243076 12.943706555111394 0.0 
21109760 23 126 13.859643015096431 11.386614573136832 0.0 
21109760 24 0 9.096773423174241 14.134423953091941 1.0914075893042607e-10 
21109760 25 0 4.1146973615945 11.203427281139826 0.0 
21109760 26 0 8.03834455394189 14.134423953091941 5.5789133729389206e-11 
21109760 27 4 5.616214875231105 10.745459051147307 0.0 
21109760 28 63 10.399798587170167 9.921116237160774 0.0 
21109760 29 62 10.837052697145811 10.104303529157782 0.0 
21109760 30 56 9.82952259116227 9.82952259116227 0.0 
21109760 31 0 8.122587998193477 14.134423953091941 9.301474174217006e-11 
21109760 32 0 3.875935601259535 11.203427281139826 0.0 
21109760 33 2 5.4330275832340975 9.463148007168256 0.0 
21109760 34 143 12.494832329028725 14.134423953091941 1.6789316464871362e-11 
21109760 35 145 13.035300201109898 9.737928945163768 0.0 
21109760 36 2 8.486585686232337 13.859643015096431 0.0 
21109760 37 3 2.5936245572804846 7.8144623791951915 0.0 
21109760 38 67 11.478208219135336 13.035300201109898 0.0 
21109760 39 5 2.1356563272879665 4.975059353241579 0.0 
21109760 40 19 5.158246645238586 12.394144679120373 0.0 
21109760 41 20 4.883465707243076 11.203427281139826 0.0 
21109760 42 33 5.616214875231105 9.737928945163768 0.0 
21109760 43 78 10.562271759150299 4.883465707243076 0.0 
21109760 44 83 11.936176449127855 9.737928945163768 0.0 
21109760 45 88 10.745459051147307 9.371554361169753 0.0 
21109760 46 164 13.493268431102416 14.134423953091941 3.411338572734124e-11 
21109760 47 0 5.4330275832340975 10.562271759150299 0.0 
21109760 48 0 4.150716539255046 9.82952259116227 0.0 
21109760 49 2 8.913586131177235 13.768049369097927 0.0 
21109760 50 0 5.4330275832340975 9.737928945163768 0.0 
21109760 51 13 3.417967371267017 7.8144623791951915 0.0 
21109760 52 0 7.26490050320417 12.668925617115883 0.0 
21109760 53 36 6.803500113767936 10.653865405148803 0.0 
21109760 54 0 5.24984029123709 9.737928945163768 0.0 
21109760 55 0 8.913586131177235 13.859643015096431 0.0 
21109760 56 93 10.470678113151797 7.9060560251936955 0.0 
21109760 57 1 10.764152281406439 14.134423953091941 3.6749346621345325e-11 
21109760 58 91 10.837052697145811 8.364024255186212 0.0 
21109760 59 109 9.337646626126851 11.295020927138328 0.0 
21109760 60 106 11.037417552083642 8.27243060918771 0.0 
21109760 61 1 8.704109998037122 14.134423953091941 5.838298594573743e-11 
21109760 62 12 2.959999141274499 7.722868733196688 0.0 
21109760 63 111 9.737928945163768 9.646335299165264 0.0 
21109760 64 35 3.692748309262528 10.379084467153293 0.0 
21109760 65 37 5.066652999240083 9.82952259116227 0.0 
21109760 66 3 6.348964043219134 10.837052697145811 0.0 
21109760 67 0 6.348964043219134 9.82952259116227 0.0 
21109760 68 0 4.150716539255046 7.26490050320417 0.0 
21109760 69 0 9.005179777175737 14.134423953091941 1.2515258274170549e-10 
21109760 70 106 12.760519263114388 7.8144623791951915 0.0 
21109760 71 250 13.676455723099423 7.9060560251936955 0.0 
21109760 72 136 12.027770095126357 8.638805193181723 0.0 
21109760 73 26 7.9060560251936955 12.485738325118875 0.0 
21109760 74 5 5.799402167228112 8.364024255186212 0.0 
21109760 75 19 3.417967371267017 7.9060560251936955 0.0 
21109760 76 273 13.048361162080978 10.104303529157782 0.0 
21109760 77 0 2.8684054952759954 4.333903831252053 0.0 
21109760 78 23 4.150716539255046 7.26490050320417 0.0 
21109760 79 33 7.997649671192199 11.478208219135336 0.0 
21109760 80 309 13.310081139105408 9.737928945163768 0.0 
21109760 81 31 4.150716539255046 7.8144623791951915 0.0 
21109760 82 149 9.096773423174241 7.9060560251936955 0.0 
21109760 83 6 13.859643015096431 11.936176449127855 0.0 
21109760 84 2 10.60471988230631 13.768049369097927 0.0 
21109760 85 3 13.493268431102416 14.134423953091941 5.759678844974303e-11 
21109760 86 4 9.82952259116227 10.928646343144313 0.0 
21109760 87 5 13.058645235594874 14.134423953091941 1.0423608157172914e-11 
21109760 88 6 13.035300201109898 10.287490821154789 0.0 
21109760 89 7 12.394144679120373 13.676455723099423 0.0 
21109760 91 1 13.676455723099423 14.134423953091941 4.424766456012641e-11 
21109760 93 72 8.82199248517873 10.287490821154789 0.0 
21109760 94 0 13.859643015096431 13.859643015096431 0.0 
21109760 95 0 7.722868733196688 10.745459051147307 0.0 
21109760 96 0 11.478208219135336 13.859643015096431 0.0 
21109760 98 0 12.210957387123365 12.210957387123365 0.0 
21109760 100 0 7.9060560251936955 11.56980186513384 0.0 
21109760 101 0 5.707808521229608 11.295020927138328 0.0 
21109760 102 0 12.585920752587793 14.134423953091941 6.281759140636112e-11 
21109760 103 0 8.455617901184716 13.768049369097927 5.13053401846042e-12 
21109760 105 0 12.668925617115883 14.134423953091941 7.632729864814891e-11 
21109760 106 0 7.997649671192199 11.56980186513384 0.0 
21109760 107 41 5.481023714980514 9.82952259116227 0.0 
21109760 109 0 7.356494149202674 14.134423953091941 2.930759107622194e-11 
21109760 110 0 7.173306857205667 11.56980186513384 0.0 
21109760 111 0 13.584862077100919 8.638805193181723 0.0 
21109760 112 0 11.84458280312935 14.134423953091941 1.0885631979151711e-10 
21109760 113 49 6.806932273211652 9.737928945163768 0.0 
21109760 127 0 5.3414339372355935 9.82952259116227 0.0 
21109760 130 0 10.562271759150299 14.134423953091941 1.8540004600997584e-11 
21109760 132 12 11.203427281139826 13.859643015096431 4.286250607915543e-12 
21109760 133 2 7.448087795201177 14.134423953091941 1.2151796062453979e-11 
21109760 134 3 7.708552439610406 13.401674785103912 7.544990565482024e-13 
21109760 135 0 9.737928945163768 14.134423953091941 7.028475718096061e-11 
21109760 136 0 11.478208219135336 14.134423953091941 3.066106743498942e-11 
21109760 137 9 10.287490821154789 8.455617901184716 0.0 
21109760 138 0 7.539681441199681 13.126893847108402 0.0 
21109760 140 0 4.333903831252053 8.638805193181723 0.0 
21109760 141 39 12.943706555111394 14.134423953091941 4.0676510770776275e-11 
21109760 142 0 8.638805193181723 14.134423953091941 1.008346010855643e-11 
21109760 143 3 5.158246645238586 8.638805193181723 0.0 
21109760 144 0 8.089243317190702 14.134423953091941 4.22826842982893e-11 
21109760 145 17 11.661395511132342 8.54721154718322 0.0 
21109760 146 8 5.890995813226615 14.134423953091941 1.754154634048266e-11 
21109760 147 1 3.967529247258039 7.448087795201177 0.0 
21109760 148 2 3.6011546632640243 3.23478007927001 0.0 
21109760 149 22 9.188367069172745 14.134423953091941 1.5599476571592774e-11 
21109760 150 55 13.126893847108402 13.126893847108402 0.0 
21109760 151 58 13.310081139105408 14.134423953091941 6.179630418490234e-11 
21109760 153 18 8.638805193181723 11.111833635141322 0.0 
21109760 154 0 8.27243060918771 14.134423953091941 2.409097227262791e-11 
21109760 155 16 6.074183105223622 14.134423953091941 1.2844282061552637e-11 
21109760 156 0 3.875935601259535 9.096773423174241 0.0 
21109760 157 46 10.104303529157782 12.57733197111738 0.0 
21109760 158 0 7.997649671192199 12.302551033121869 0.0 
21109760 159 8 8.54721154718322 14.134423953091941 3.0276593732114776e-11 
21109760 160 81 13.401674785103912 14.134423953091941 2.7768360527646863e-11 
21109760 161 11 3.875935601259535 11.295020927138328 0.0 
21109760 162 85 13.035300201109898 14.134423953091941 3.6679290160712696e-10 
21109760 163 0 6.990119565208659 11.478208219135336 0.0 
21109760 164 0 6.715338627213148 13.584862077100919 0.0 
21109760 165 11 6.898525919210155 10.653865405148803 0.0 
21109760 166 0 8.613604765452875 13.951236661094933 2.1853883720029943e-12 
21109760 167 0 9.371554361169753 14.134423953091941 1.0596270388907314e-10 
21109760 168 102 12.403743905469657 13.951236661094933 0.0 
21109760 169 0 9.096773423174241 13.951236661094933 0.0 
21109760 170 115 13.772403022754952 14.134423953091941 1.6263204671851383e-10 
21109760 171 0 9.005179777175737 14.134423953091941 5.270395231349312e-11 
21109760 173 0 13.676455723099423 14.134423953091941 8.596227896173758e-11 
21109760 175 6 6.715338627213148 10.012709883159278 0.0 
21109760 177 0 12.27812281052888 11.386614573136832 0.0 
21109760 178 0 13.584862077100919 14.134423953091941 1.0375448417088151e-10 
21109760 180 0 10.764152281406439 14.134423953091941 3.71289873846159e-11 
21109760 181 0 10.67306385784737 14.134423953091941 7.944520735714278e-11 
21109760 182 0 9.005179777175737 14.134423953091941 2.986352137801518e-11 
21109760 184 4 13.859643015096431 14.134423953091941 3.1482167567320474e-11 
21109760 192 0 5.524621229232601 14.134423953091941 2.203740835649004e-11 
21109760 193 0 12.85211290911289 14.134423953091941 5.680959869192037e-11 
21109760 194 0 12.760519263114388 14.134423953091941 5.17107363873226e-11 
21109760 195 1 10.63814312122647 14.134423953091941 9.28643897890602e-11 
21109760 196 0 8.27243060918771 14.134423953091941 4.0355246921919274e-11 
21109760 198 0 9.921116237160774 14.134423953091941 9.25061902079527e-11 
21109760 200 2 9.671091198697628 14.134423953091941 5.736200750505738e-11 
21109760 201 3 12.943706555111394 9.371554361169753 4.983562390883933e-13 
21109760 202 0 7.539681441199681 13.768049369097927 7.057825244377591e-12 
21109760 203 0 5.799402167228112 10.104303529157782 0.0 
21109760 204 0 8.455617901184716 14.134423953091941 3.007553581180211e-11 
21109760 205 0 7.9060560251936955 9.82952259116227 0.0 
21109760 206 0 12.57733197111738 12.394144679120373 3.746865231274432e-12 
21109760 208 0 8.913586131177235 14.134423953091941 2.9353561248335325e-11 
21109760 209 1 10.745459051147307 9.463148007168256 1.307815075853036e-12 
21109760 211 133 10.470678113151797 6.25737039722063 0.0 
21109760 212 27 3.6011546632640243 9.371554361169753 0.0 
21109760 213 2 2.044062681289463 4.975059353241579 0.0 
21109760 214 17 3.932520514476365 8.364024255186212 0.0 
21109760 215 6 2.502030911281981 5.982589459225119 0.0 
21109760 216 311 13.048361162080978 9.005179777175737 0.0 
21109760 217 357 12.85211290911289 7.173306857205667 0.0 
21109760 218 22 3.1431864332715063 6.532151335216141 0.0 
21109760 219 212 10.287490821154789 7.173306857205667 0.0 
21109760 220 11 2.5936245572804846 5.890995813226615 0.0 
21109760 221 9 2.959999141274499 6.532151335216141 0.0 
21109760 222 395 13.310081139105408 6.990119565208659 0.0 
21109760 223 45 3.6011546632640243 6.532151335216141 0.0 
21109760 224 190 11.037417552083642 7.9060560251936955 0.0 
21109760 225 239 11.020239989142818 6.532151335216141 0.0 
21109760 226 230 10.470678113151797 7.173306857205667 0.0 
21109760 227 68 8.82199248517873 5.982589459225119 0.0 
21109760 228 178 11.020239989142818 5.982589459225119 0.0 
21109760 229 202 10.379084467153293 4.975059353241579 0.0 
21109760 230 7 5.524621229232601 7.081713211207163 0.0 
21109760 231 243 11.020239989142818 5.799402167228112 0.0 
21109760 232 25 3.5095610172655207 4.975059353241579 0.0 
21109760 233 239 10.470678113151797 5.890995813226615 0.0 
21109760 234 2 10.87623558005905 13.401674785103912 0.0 
21109760 235 56 7.8144623791951915 9.371554361169753 0.0 
21109760 236 7 1.769281743293952 3.7843419552610316 0.0 
21109760 237 71 7.8144623791951915 7.8144623791951915 0.0 
21109760 238 8 5.616214875231105 7.173306857205667 0.0 
21379521 0 27 7.081713211207163 6.320482190678272 0.0 
21379521 1 3 3.5297887041019624 6.506528423116692 0.0 
21379521 2 7 3.4770783966810264 5.6693203771438 0.0 
21379521 3 4 3.23478007927001 5.85536660958222 0.0 
21379521 4 1 2.776811849277492 6.320482190678272 0.0 
21379521 5 16 11.84458280312935 14.134423953091941 2.542818386408463e-11 
21379521 6 11 3.875935601259535 8.553036979939321 0.0 
21379521 7 70 11.386614573136832 13.483262139557468 3.3678175265922095e-12 
21379521 8 76 11.295020927138328 12.180938512488524 0.0 
21379521 9 36 7.356494149202674 8.646060096158532 0.0 
21379521 10 0 5.707808521229608 12.180938512488524 0.0 
21379521 11 78 10.745459051147307 14.134423953091941 3.0370872483587164e-11 
21379521 12 10 3.841432090917297 7.064667120431955 0.0 
21379521 13 0 4.205785785153568 8.08792139884327 0.0 
21379521 14 104 12.221567058351521 12.832100326022996 2.3541494274803565e-12 
21379521 15 4 3.967529247258039 6.413505306897482 0.0 
21379521 16 46 6.938438491925597 13.7623314882151 0.0 
21379521 23 2 14.043335529532875 14.04140083687273 9.146536826543095e-12 
21379521 25 2 13.401674785103912 14.134423953091941 2.294314217776705e-11 
21379521 26 3 13.953413487923447 14.134423953091941 1.5825604715580255e-11 
21379521 27 1 12.760519263114388 14.134423953091941 5.627603938407333e-11 
21379521 28 17 5.066652999240083 4.739089214951696 0.0 
21379521 29 3 5.982589459225119 9.855360607008265 0.0 
21379521 30 23 4.150716539255046 10.320476188104317 0.0 
21379521 31 39 6.898525919210155 10.87861488541958 0.0 
21379521 32 0 8.180836963189206 13.390239023338259 0.0 
21379521 33 80 11.111833635141322 10.320476188104317 0.0 
21379521 34 0 4.150716539255046 10.227453071885106 0.0 
21379521 35 1 10.308710163611101 14.134423953091941 2.359104751825658e-11 
21379521 36 1 5.207758444303312 10.692568652981159 0.0 
21379521 37 41 7.343736469089586 10.320476188104317 0.0 
21379521 38 7 12.210957387123365 14.134423953091941 1.1151650783358669e-11 
21379521 39 0 6.074183105223622 12.366984744926945 0.0 
21379521 40 10 3.23478007927001 5.7623434933630096 0.0 
21379521 41 58 6.440557689217638 12.366984744926945 0.0 
21379521 42 54 7.722868733196688 11.436753582734841 0.0 
21379521 43 59 8.089243317190702 13.018146558461417 0.0 
21379521 44 8 11.478208219135336 14.134423953091941 1.449064479519535e-10 
21379521 45 0 10.928646343144313 12.087915396269313 0.0 
21379521 46 0 11.020239989142818 11.901869163830893 0.0 
21379521 47 0 11.661395511132342 14.134423953091941 9.999377020841749e-11 
21379521 48 10 11.84458280312935 8.18094451506248 0.0 
21379521 49 0 10.928646343144313 10.320476188104317 0.0 
21379521 50 96 10.423709417137815 14.134423953091941 2.477089193486659e-11 
21379521 51 38 8.089243317190702 11.25070735029642 0.0 
21379521 52 121 11.715822931392472 13.018146558461417 0.0 
21379521 53 123 11.752989157130846 10.506522420542737 0.0 
21379521 54 0 6.623744981214645 9.669314374569845 0.0 
21379521 55 0 11.12850597564271 14.134423953091941 9.163000219691853e-11 
21379521 56 0 5.4330275832340975 11.34373046651563 0.0 
21379521 57 4 10.195897175156285 11.529776698954052 0.0 
21379521 58 0 6.715338627213148 13.390239023338259 0.0 
21379521 59 23 4.460019866294066 7.250713352870375 0.0 
21379521 60 1 9.156636160958357 12.366984744926945 0.0 
21379521 61 140 12.210957387123365 12.366984744926945 0.0 
21379521 62 24 4.425497477250557 8.3669907475009 0.0 
21379521 63 117 11.84458280312935 12.553030977365365 0.0 
21379521 64 128 11.34373046651563 7.715828933966427 0.0 
21379521 65 7 3.5095610172655207 7.436759585308796 0.0 
21379521 66 33 4.6086847692475645 8.273967631281689 0.0 
21379521 67 9 11.936176449127855 11.25070735029642 3.2332240183785554e-12 
21379521 68 38 6.165776751222126 9.762337490789054 0.0 
21379521 69 13 2.599557541909859 5.948389725801431 0.0 
21379521 70 0 9.94435646937483 12.366984744926945 0.0 
21379521 71 17 3.692748309262528 8.273967631281689 0.0 
21379521 72 154 12.027770095126357 13.66930837199589 0.0 
21379521 73 35 4.26935360140902 9.204198793473793 0.0 
21379521 74 82 7.631275087198184 9.762337490789054 0.0 
21379521 75 30 3.417967371267017 6.227459074459062 0.0 
21379521 76 19 6.623744981214645 8.739083212377741 0.0 
21379521 77 103 11.020239989142818 9.762337490789054 0.0 
21379521 78 1 6.532151335216141 12.553030977365365 0.0 
21379521 79 90 10.928646343144313 14.134423953091941 6.120285528377067e-11 
21379521 80 130 11.295020927138328 8.3669907475009 0.0 
21379521 81 141 11.040588715486837 12.553030977365365 0.0 
21379521 82 0 10.745459051147307 14.04140083687273 0.0 
21379521 83 108 11.295020927138328 10.692568652981159 0.0 
21379521 84 0 6.074183105223622 12.180938512488524 0.0 
21379521 85 71 7.173306857205667 8.46001386372011 0.0 
21379521 86 0 11.064661117858 12.553030977365365 0.0 
21379521 87 0 6.045051216776274 7.9948982826240576 0.0 
21379521 88 29 4.6460660987324855 9.669314374569845 0.0 
21379521 89 72 6.623744981214645 9.948383723227476 0.0 
21379521 90 63 7.529782701528006 9.669314374569845 0.0 
21379521 91 150 11.661395511132342 7.622805817747216 0.0 
21379521 92 55 7.26490050320417 11.34373046651563 0.0 
21379521 93 0 9.188367069172745 10.599545536761948 0.0 
21379521 94 69 6.990119565208659 10.041406839446687 0.0 
21379521 95 149 11.622799815173263 9.483268142131424 0.0 
21379521 96 143 11.56980186513384 6.320482190678272 0.0 
21379521 97 83 7.8144623791951915 8.553036979939321 0.0 
21379521 98 31 4.425497477250557 7.064667120431955 0.0 
21379521 99 1 5.524621229232601 10.320476188104317 0.0 
21379521 100 132 10.946329128524575 14.04140083687273 0.0 
21379521 101 0 10.470678113151797 13.576285255776678 0.0 
21379521 102 2 2.044062681289463 2.7856037743482798 0.0 
21379521 103 64 7.120615339043733 9.390245025912215 0.0 
21379521 104 0 5.616214875231105 7.808852050185638 0.0 
21379521 105 0 10.928646343144313 9.762337490789054 0.0 
21379521 106 11 11.752989157130846 9.297221909693004 0.0 
21379521 107 86 10.104303529157782 8.646060096158532 0.0 
21379521 108 96 8.251583835115888 8.925129444816163 0.0 
21379521 109 0 7.997649671192199 10.692568652981159 0.0 
21379521 110 32 5.24984029123709 7.064667120431955 0.0 
21379521 111 0 4.333903831252053 8.553036979939321 0.0 
21379521 112 2 5.524621229232601 10.692568652981159 0.0 
21379521 113 42 4.6086847692475645 6.320482190678272 0.0 
21379521 114 91 10.745459051147307 12.646054093584576 0.0 
21379521 115 0 6.898525919210155 7.901875166404848 0.0 
21379521 116 0 11.310682822760844 8.553036979939321 0.0 
21379521 117 12 11.386614573136832 13.111169674680628 0.0 
21379521 118 13 4.425497477250557 8.553036979939321 0.0 
21379521 119 0 5.66320056209865 12.273961628707735 0.0 
21379521 120 0 4.6086847692475645 7.064667120431955 0.0 
21379521 121 103 7.539681441199681 8.553036979939321 0.0 
21379521 122 93 5.890995813226615 9.483268142131424 0.0 
21379521 123 0 10.653865405148803 13.94837772065352 0.0 
21379521 124 193 11.675036516997116 7.157690236651165 0.0 
21379521 125 189 11.85721336411525 9.576291258350635 0.0 
21379521 126 44 4.366996750074855 5.85536660958222 0.0 
21379521 127 28 4.425497477250557 6.320482190678272 0.0 
21379521 128 81 7.081713211207163 11.529776698954052 0.0 
21379521 129 30 3.5095610172655207 6.413505306897482 0.0 
21379521 130 0 5.936465832775853 8.553036979939321 0.0 
21379521 131 177 11.478208219135336 5.7623434933630096 0.0 
21379521 132 4 10.134429955665897 7.157690236651165 0.0 
21379521 133 54 3.875935601259535 7.622805817747216 0.0 
21379521 134 0 5.754288985657718 9.669314374569845 0.0 
21379521 135 62 4.883465707243076 5.7623434933630096 0.0 
21379521 136 150 10.855240704965507 10.971638001638789 0.0 
21379521 137 89 7.081713211207163 10.506522420542737 0.0 
21379521 138 0 7.1418622893610015 6.971644004212744 0.0 
21379521 139 0 4.812384996914502 9.483268142131424 0.0 
21379521 140 212 11.355328932891183 9.483268142131424 0.0 
21379521 141 210 11.12850597564271 7.808852050185638 0.0 
21379521 142 1 6.990119565208659 9.669314374569845 0.0 
21379521 143 0 7.484969033280003 10.692568652981159 0.0 
21379521 144 101 6.898525919210155 6.413505306897482 0.0 
21379521 145 14 11.936176449127855 9.483268142131424 0.0 
21379521 146 58 4.6086847692475645 6.413505306897482 0.0 
21379521 147 25 4.26935360140902 6.320482190678272 0.0 
21379521 148 264 12.677009176146859 7.808852050185638 0.0 
21379521 149 97 6.898525919210155 10.320476188104317 0.0 
21379521 150 26 4.1146973615945 6.8786208879935336 0.0 
21379521 151 46 4.925135447390117 6.599551539335903 0.0 
21379521 152 244 11.49285966987898 10.692568652981159 0.0 
21379521 153 223 11.436753582734841 7.715828933966427 0.0 
21379521 154 0 5.24984029123709 10.599545536761948 0.0 
21379521 155 0 6.074183105223622 9.576291258350635 0.0 
21379521 156 233 11.661395511132342 7.157690236651165 0.0 
21379521 157 79 6.074183105223622 8.646060096158532 0.0 
21379521 158 0 5.982589459225119 8.646060096158532 0.0 
21379521 159 34 3.967529247258039 7.064667120431955 0.0 
21379521 160 51 4.460019866294066 6.971644004212744 0.0 
21379521 161 16 11.84458280312935 10.506522420542737 0.0 
21379521 162 0 10.745459051147307 7.808852050185638 0.0 
21379521 163 18 11.661395511132342 8.553036979939321 0.0 
21379521 164 38 4.273119042702154 6.227459074459062 0.0 
21379521 165 6 10.195897175156285 5.390251028486168 0.0 
21379521 166 254 11.34373046651563 7.157690236651165 0.0 
21379521 167 60 4.333903831252053 6.413505306897482 0.0 
21379521 168 0 5.707808521229608 9.762337490789054 0.0 
21379521 169 145 8.18094451506248 7.064667120431955 0.0 
21379521 170 59 3.875935601259535 5.7623434933630096 0.0 
21379521 171 0 5.890995813226615 7.157690236651165 0.0 
21379521 172 249 11.509772208148778 13.94837772065352 0.0 
21379521 173 71 3.6011546632640243 5.7623434933630096 0.0 
21379521 174 0 5.3414339372355935 7.901875166404848 0.0 
21379521 175 157 7.539681441199681 8.3669907475009 0.0 
21379521 176 57 3.715834936540383 6.506528423116692 0.0 
21379521 177 218 11.203427281139826 11.436753582734841 0.0 
21379521 178 267 10.63814312122647 9.669314374569845 0.0 
21379521 179 0 5.3414339372355935 7.808852050185638 0.0 
21379521 180 155 7.356494149202674 10.227453071885106 0.0 
21379521 181 6 10.104303529157782 9.297221909693004 0.0 
21379521 182 321 11.401771246319912 5.7623434933630096 0.0 
21379521 183 9 9.82952259116227 8.553036979939321 0.0 
21379521 184 0 6.623744981214645 7.157690236651165 0.0 
21379521 185 0 5.890995813226615 9.762337490789054 0.0 
21379521 186 334 11.386614573136832 5.7623434933630096 0.0 
21379521 187 0 5.890995813226615 12.460007861146154 0.0 
21379521 188 113 11.62427361226545 11.529776698954052 0.0 
21379521 189 143 10.379084467153293 11.529776698954052 0.0 
21379521 190 0 12.394144679120373 13.576285255776678 0.0 
21379521 191 0 11.401771246319912 11.994892280050102 0.0 
21379521 192 117 7.539681441199681 9.669314374569845 0.0 
21379521 193 38 5.799402167228112 8.646060096158532 0.0 
21379521 194 18 5.707808521229608 8.646060096158532 0.0 
21379521 195 30 5.24984029123709 7.157690236651165 0.0 
21379521 196 57 7.8144623791951915 11.622799815173263 0.0 
21379521 198 0 13.587893411737536 13.85535460443431 0.0 
21379521 199 0 13.951236661094933 14.134423953091941 1.0504631192675973e-10 
21379521 200 0 12.31265548191059 14.134423953091941 1.3643161253518166e-11 
21379521 201 0 10.379084467153293 14.134423953091941 1.232589308397536e-10 
21379521 203 0 13.218487493106904 14.134423953091941 3.1090987423487704e-11 
21379521 204 0 13.676455723099423 14.134423953091941 7.06857489207735e-11 
21379521 205 0 12.485738325118875 14.04140083687273 8.999670800258208e-12 
21379521 206 0 9.005179777175737 8.3669907475009 0.0 
21379521 207 0 5.799402167228112 11.529776698954052 0.0 
21379521 208 0 12.119363741124861 10.506522420542737 0.0 
21379521 209 0 12.210957387123365 14.134423953091941 4.015374144294981e-11 
21379521 210 0 5.707808521229608 7.715828933966427 0.0 
21379521 211 0 11.56980186513384 14.134423953091941 7.045121430682144e-11 
21379521 212 0 11.386614573136832 13.576285255776678 0.0 
21379521 213 0 11.962298371070013 11.064661117858 0.0 
21379521 214 114 6.715338627213148 8.08792139884327 0.0 
21379521 215 0 5.3414339372355935 7.064667120431955 0.0 
21379521 216 0 7.448087795201177 7.808852050185638 0.0 
21379521 217 55 5.24984029123709 6.413505306897482 0.0 
21379521 218 1 6.971644004212744 11.34373046651563 0.0 
21379521 219 2 6.971644004212744 11.064661117858 0.0 
21379521 220 0 5.204204796047748 8.553036979939321 0.0 
21379521 221 2 10.599545536761948 12.180938512488524 0.0 
21379521 222 10 12.485738325118875 12.553030977365365 9.208987739039998e-12 
21379521 223 11 11.715822931392472 14.134423953091941 1.97444578048378e-11 
21379521 224 13 13.218487493106904 14.134423953091941 1.3374713662972493e-11 
21379521 225 1423 11.583948093438048 14.134423953091941 1.5808861164590127e-11 
21379521 226 5 5.890995813226615 13.7623314882151 8.333510964630975e-12 
21379521 227 16 11.675036516997116 13.576285255776678 8.520407469847502e-12 
21379521 228 0 10.87861488541958 14.134423953091941 5.971846628316513e-11 
21379521 229 9 9.371554361169753 12.366984744926945 0.0 
21379521 230 0 10.695225114890556 14.134423953091941 1.46859413518996e-10 
21379521 231 7 6.623744981214645 10.413499304323528 0.0 
21379521 232 0 5.85536660958222 7.343736469089586 4.388242902191551e-14 
21379521 233 0 9.853268045815762 14.134423953091941 9.562929614848059e-11 
21379521 234 23 12.668925617115883 12.553030977365365 0.0 
21379521 235 0 11.111833635141322 14.134423953091941 3.298236336823912e-11 
21379521 236 1 6.074183105223622 7.9948982826240576 0.0 
21379521 237 26 12.57733197111738 14.134423953091941 7.560034542830607e-11 
21379521 238 8 7.631275087198184 11.529776698954052 0.0 
21379521 239 26 11.478208219135336 13.576285255776678 3.543370024478021e-12 
21379521 240 9 7.722868733196688 14.134423953091941 1.1156896587150023e-11 
21379521 241 13 7.622805817747216 11.715822931392472 0.0 
21379521 243 1 13.7623314882151 14.134423953091941 8.269687712392226e-11 
21379521 245 2 11.49285966987898 14.134423953091941 4.201800712921866e-11 
21379521 246 0 5.799402167228112 8.553036979939321 0.0 
21379521 247 19 6.806932273211652 6.692574655555114 0.0 
21379521 248 0 10.104303529157782 14.134423953091941 5.704442126996945e-11 
21379521 249 6 6.623744981214645 14.134423953091941 2.2420655609867168e-11 
21379521 250 3 4.517091123249061 7.064667120431955 0.0 
21379521 251 28 11.295020927138328 7.250713352870375 0.0 
21379521 252 0 8.82199248517873 14.04140083687273 9.897312136519787e-12 
21379521 253 0 5.616214875231105 12.087915396269313 0.0 
21379521 254 17 7.722868733196688 12.925123442242207 0.0 
21379521 255 11 7.064667120431955 13.111169674680628 0.0 
21379521 256 34 10.837052697145811 11.34373046651563 0.0 
21379521 257 0 5.158246645238586 9.204198793473793 0.0 
21379521 258 5 6.8786208879935336 6.971644004212744 0.0 
21379521 259 32 11.529776698954052 9.390245025912215 0.0 
21379521 260 1 4.883465707243076 10.599545536761948 0.0 
21379521 261 35 10.692568652981159 13.297215907119048 7.273328532335366e-13 
21379521 262 5 4.975059353241579 6.971644004212744 0.0 
21379521 263 49 12.180938512488524 6.506528423116692 5.002301199132086e-13 
21379521 264 50 13.132451293942198 14.134423953091941 1.937609621360803e-11 
21379521 265 0 10.928646343144313 14.134423953091941 1.8834071802142915e-10 
21379521 266 0 9.737928945163768 14.134423953091941 6.14311101987397e-11 
21379521 267 17 6.990119565208659 9.297221909693004 0.0 
21379521 268 0 4.700278415246069 12.366984744926945 0.0 
21379521 269 0 9.188367069172745 14.134423953091941 1.0671743350121332e-10 
21379521 270 18 7.356494149202674 12.553030977365365 0.0 
21379521 271 28 6.440557689217638 7.808852050185638 0.0 
21379521 272 9 4.150716539255046 13.111169674680628 0.0 
21379521 273 0 5.982589459225119 14.134423953091941 1.5177940501653886e-11 
21379521 274 0 10.041406839446687 14.134423953091941 7.152284320355307e-11 
21379521 275 0 6.623744981214645 14.134423953091941 2.0829327845861556e-11 
21379521 276 3 10.599545536761948 14.134423953091941 7.071424001914295e-11 
21379521 277 0 5.616214875231105 8.646060096158532 0.0 
21379521 278 46 10.470678113151797 11.808846047611683 0.0 
21379521 279 0 11.020239989142818 14.134423953091941 5.186499840714731e-11 
21379521 280 31 8.578030115988815 13.66930837199589 1.1520869978506876e-12 
21379521 281 1 11.020239989142818 14.134423953091941 1.4053072594499838e-10 
21379521 282 0 10.599545536761948 13.018146558461417 0.0 
21379521 283 3 11.583948093438048 14.134423953091941 3.9272387425404176e-11 
21379521 284 73 12.485738325118875 14.134423953091941 1.9592947056445986e-11 
21379521 285 34 9.005179777175737 12.553030977365365 0.0 
21379521 286 59 10.562271759150299 14.134423953091941 1.3960239214627634e-11 
21379521 287 58 10.692568652981159 6.413505306897482 0.0 
21379521 288 13 5.4330275832340975 11.15768423407721 0.0 
21379521 289 17 5.24984029123709 9.111175677254582 0.0 
21379521 290 60 11.84458280312935 13.94837772065352 9.676344794873337e-12 
21379521 291 35 8.08792139884327 14.134423953091941 2.3178818239766308e-11 
21379521 292 40 8.46001386372011 13.7623314882151 5.485094149715319e-12 
21379521 293 0 10.010605536019847 13.94837772065352 7.055091645440104e-13 
21379521 294 0 5.4330275832340975 10.227453071885106 0.0 
21379521 295 64 10.745459051147307 13.390239023338259 6.162891811462012e-12 
21379521 296 0 9.609162323879591 14.134423953091941 9.706199038950203e-11 
21379521 297 0 10.012709883159278 13.94837772065352 0.0 
21379521 298 1 10.012709883159278 14.134423953091941 1.6865026042367504e-10 
21379521 299 5 11.478208219135336 14.134423953091941 2.4807853687969228e-11 
21379521 300 0 9.096773423174241 13.85535460443431 0.0 
21379521 301 67 10.837052697145811 13.297215907119048 0.0 
21379521 302 6 11.84458280312935 12.273961628707735 5.2624207075302465e-12 
21379521 303 69 10.470678113151797 14.134423953091941 1.3151907514441508e-11 
21379521 304 0 8.913586131177235 14.134423953091941 3.2519886089543704e-11 
21379521 305 0 10.692568652981159 8.739083212377741 0.0 
21379521 308 0 9.853268045815762 14.134423953091941 9.450736027094564e-11 
21379521 310 0 9.371554361169753 13.390239023338259 0.0 
21379521 311 0 7.8144623791951915 14.134423953091941 3.9628068188024557e-11 
21379521 312 1 9.096773423174241 14.134423953091941 2.1012165965506036e-11 
21379521 314 0 11.203427281139826 14.134423953091941 5.0751756963673955e-11 
21379521 315 0 13.218487493106904 14.134423953091941 9.703024494989165e-11 
21379521 316 0 10.764152281406439 14.134423953091941 2.7316270773125595e-11 
21379521 317 0 13.04136287038313 14.134423953091941 2.373404944799873e-11 
21379521 318 0 10.907087800600738 14.134423953091941 3.645788879125256e-11 
21379521 319 0 11.386614573136832 12.553030977365365 9.005737995615437e-12 
21379521 321 84 11.436753582734841 12.553030977365365 0.0 
21379521 322 0 13.126893847108402 14.134423953091941 3.515563534728372e-11 
21379521 324 0 13.218487493106904 13.204192790899837 1.5899152654152982e-12 
21379521 325 0 12.943706555111394 14.134423953091941 1.1540877281612794e-10 
21379521 326 0 13.859643015096431 14.134423953091941 1.9674879780939847e-10 
21379521 327 0 13.676455723099423 14.134423953091941 3.9644976190800207e-10 
21379521 328 0 12.943706555111394 14.134423953091941 1.833663082484449e-11 
21379521 329 0 13.584862077100919 14.134423953091941 3.885107860424064e-11 
21379521 330 0 11.661395511132342 14.134423953091941 7.525609996283933e-11 
21379521 332 0 13.768049369097927 14.134423953091941 4.214920773515374e-11 
21379521 333 0 10.134429955665897 14.134423953091941 2.102376259194294e-11 
21379521 334 0 13.515656905570921 14.134423953091941 3.6537248920831544e-11 
21379521 336 0 10.470678113151797 14.134423953091941 7.352095321433438e-11 
21379521 338 0 12.189727518025876 14.134423953091941 1.456915837971806e-10 
21379521 339 0 11.478208219135336 10.692568652981159 0.0 
21379521 340 0 13.951236661094933 14.134423953091941 6.738819918750139e-11 
21379521 341 0 11.752989157130846 14.134423953091941 1.4317036271804806e-11 
21379521 342 0 10.195897175156285 11.15768423407721 2.24750188078382e-12 
21379521 343 5 12.646054093584576 14.134423953091941 2.395436453361821e-11 
21379521 344 1 11.25070735029642 14.134423953091941 1.842138420971029e-11 
21379521 345 0 10.470678113151797 14.134423953091941 4.213306786793325e-11 
21379521 348 0 13.310081139105408 14.134423953091941 6.78355774330619e-11 
21379521 349 0 12.760519263114388 14.134423953091941 3.9587447903111084e-11 
21379521 350 1 11.436753582734841 14.134423953091941 1.4906064230157945e-11 
21379521 351 8 4.425497477250557 6.227459074459062 0.0 
21379521 352 19 3.8088580527595934 5.948389725801431 0.0 
21379521 353 13 11.84458280312935 11.901869163830893 0.0 
21379521 354 8 2.502030911281981 5.7623434933630096 0.0 
21379521 355 3 2.2274650770330178 4.273973633855645 0.0 
21379521 356 37 3.23478007927001 5.7623434933630096 0.0 
21379521 357 120 7.436759585308796 7.622805817747216 0.0 
21379521 358 56 3.9978379036562792 5.6693203771438 0.0 
21379521 359 8 6.165776751222126 10.134429955665897 0.0 
21379521 360 78 4.4524154956183315 5.57629726092459 0.0 
21379521 361 158 7.722868733196688 6.971644004212744 0.0 
21379521 362 83 4.087927401417224 5.85536660958222 0.0 
21379521 363 0 6.898525919210155 7.901875166404848 0.0 
21379521 364 23 11.84458280312935 8.18094451506248 0.0 
21379521 365 17 11.752989157130846 7.808852050185638 0.0 
21379521 366 12 2.320488193252228 5.7623434933630096 0.0 
21379521 367 2 1.9483957283753865 5.57629726092459 0.0 
21379521 368 437 12.485738325118875 7.064667120431955 0.0 
21379521 369 84 4.517091123249061 5.6693203771438 0.0 
21379521 370 395 11.56980186513384 5.7623434933630096 0.0 
21379521 371 11 10.104303529157782 6.413505306897482 0.0 
21379521 372 75 4.883465707243076 6.320482190678272 0.0 
21379521 373 333 10.562271759150299 8.553036979939321 0.0 
21379521 374 42 3.417967371267017 5.7623434933630096 0.0 
21379521 375 37 4.975059353241579 6.413505306897482 0.0 
21379521 376 8 2.8684054952759954 5.7623434933630096 0.0 
21379521 377 80 3.967529247258039 5.6693203771438 0.0 
21379521 378 484 12.027770095126357 9.576291258350635 0.0 
21379521 379 524 11.478208219135336 6.413505306897482 0.0 
21379521 380 61 4.975059353241579 5.483274144705379 0.0 
21379521 381 689 11.436753582734841 6.506528423116692 0.0 
21379521 382 92 4.883465707243076 5.7623434933630096 0.0 
21379521 383 293 7.081713211207163 5.7623434933630096 0.0 
21573586 0 0 6.806932273211652 9.576291258350635 0.0 
21573586 1 2 11.752989157130846 13.85535460443431 3.5795600424742835e-12 
21573586 2 5 6.692574655555114 7.436759585308796 0.0 
21573586 3 4 4.150716539255046 8.553036979939321 0.0 
21573586 5 0 11.752989157130846 14.134423953091941 9.786658983212959e-11 
21573586 6 0 7.075015811520677 13.94837772065352 8.811710909550907e-12 
21573586 7 0 6.806932273211652 9.762337490789054 0.0 
21573586 8 0 9.188367069172745 12.553030977365365 0.0 
21573586 9 13 5.3414339372355935 10.134429955665897 0.0 
21573586 10 18 6.806932273211652 7.436759585308796 0.0 
21573586 11 21 6.692574655555114 7.064667120431955 0.0 
21573586 12 7 4.517091123249061 8.739083212377741 0.0 
21573586 13 15 6.898525919210155 12.087915396269313 0.0 
21573586 14 2 5.111181679828538 9.855360607008265 0.0 
21573586 15 8 5.754288985657718 11.436753582734841 0.0 
21573586 16 3 8.919101695414765 13.7623314882151 4.220452112790873e-12 
21573586 17 0 9.55474165316676 14.134423953091941 4.133112255222393e-11 
21573586 18 24 6.898525919210155 11.15768423407721 0.0 
21573586 19 0 7.631275087198184 14.134423953091941 1.7121441417411454e-11 
21573586 20 3 3.715834936540383 5.7623434933630096 0.0 
21573586 21 2 8.730398839180227 13.204192790899837 0.0 
21573586 22 0 7.527541974441911 12.646054093584576 0.0 
21573586 23 29 7.302792186161868 9.762337490789054 0.0 
21573586 24 0 9.005179777175737 12.553030977365365 0.0 
21573586 25 0 6.990119565208659 10.87861488541958 0.0 
21573586 26 1 7.722868733196688 11.529776698954052 0.0 
21573586 27 0 6.990119565208659 9.762337490789054 0.0 
21573586 28 3 9.005179777175737 12.366984744926945 0.0 
21573586 29 38 6.715338627213148 6.134435958239851 0.0 
21573586 30 0 10.928646343144313 14.134423953091941 6.017981946104811e-11 
21573586 31 23 6.715338627213148 10.320476188104317 0.0 
21573586 32 0 9.005179777175737 14.04140083687273 0.0 
21573586 33 46 6.134435958239851 8.739083212377741 0.0 
21573586 34 0 7.448087795201177 11.529776698954052 0.0 
21573586 35 0 9.463148007168256 12.646054093584576 0.0 
21573586 36 29 5.4330275832340975 9.483268142131424 0.0 
21573586 37 30 6.692574655555114 8.646060096158532 0.0 
21573586 38 4 8.851295386666019 13.483262139557468 3.28357957143921e-12 
21573586 39 0 6.990119565208659 12.087915396269313 0.0 
21573586 40 30 7.081713211207163 9.669314374569845 0.0 
21573586 41 0 9.27996071517125 14.04140083687273 0.0 
21573586 42 6 3.967529247258039 8.273967631281689 0.0 
21573586 43 28 7.2117037626028 9.483268142131424 0.0 
21573586 44 17 5.158246645238586 9.762337490789054 0.0 
21573586 45 19 5.890995813226615 11.25070735029642 0.0 
21573586 46 47 5.707808521229608 10.506522420542737 0.0 
21573586 47 0 8.913586131177235 14.04140083687273 0.0 
21573586 48 7 12.210957387123365 14.134423953091941 1.6139992120578484e-11 
21573586 49 63 9.096773423174241 12.460007861146154 0.0 
21573586 50 5 8.82199248517873 12.925123442242207 0.0 
21573586 51 35 6.715338627213148 9.111175677254582 0.0 
21573586 52 0 7.081713211207163 9.669314374569845 0.0 
21573586 53 1 8.739083212377741 13.94837772065352 0.0 
21573586 54 2 8.180836963189206 12.553030977365365 0.0 
21573586 55 1 8.180836963189206 12.646054093584576 0.0 
21573586 56 40 6.756261644807462 8.3669907475009 0.0 
21573586 57 0 6.84735006836653 9.669314374569845 0.0 
21573586 58 7 3.6011546632640243 8.46001386372011 0.0 
21573586 59 8 4.517091123249061 9.483268142131424 0.0 
21573586 60 0 6.806932273211652 8.646060096158532 0.0 
21573586 61 11 4.333903831252053 9.576291258350635 0.0 
21573586 62 0 7.8144623791951915 11.436753582734841 0.0 
21573586 63 10 12.668925617115883 14.134423953091941 2.69213734638285e-10 
21573586 64 1 7.980068137363147 12.646054093584576 0.0 
21573586 65 42 9.005179777175737 11.622799815173263 0.0 
21573586 66 50 6.074183105223622 9.390245025912215 0.0 
21573586 67 0 7.722868733196688 11.622799815173263 0.0 
21573586 68 28 5.616214875231105 8.646060096158532 0.0 
21573586 69 0 8.455617901184716 11.529776698954052 0.0 
21573586 70 21 5.24984029123709 8.553036979939321 0.0 
21573586 71 99 9.096773423174241 10.320476188104317 0.0 
21573586 72 0 9.27996071517125 14.04140083687273 0.0 
21573586 73 10 12.039390211233385 13.7623314882151 1.0426760366569199e-12 
21573586 74 0 7.437036741857665 11.529776698954052 0.0 
21573586 75 23 5.4330275832340975 8.646060096158532 0.0 
21573586 76 9 9.005179777175737 11.529776698954052 0.0 
21573586 77 50 7.448087795201177 9.762337490789054 0.0 
21573586 78 7 12.101332225522873 14.134423953091941 1.9686130503515642e-10 
21573586 79 51 6.599551539335903 8.3669907475009 0.0 
21573586 80 14 5.066652999240083 7.901875166404848 0.0 
21573586 81 46 6.990119565208659 8.646060096158532 0.0 
21573586 82 0 9.371554361169753 13.7623314882151 0.0 
21573586 83 2 7.8144623791951915 10.599545536761948 0.0 
21573586 84 11 11.84458280312935 14.134423953091941 5.634274644061854e-11 
21573586 85 0 7.081713211207163 9.762337490789054 0.0 
21573586 86 6 9.096773423174241 10.599545536761948 0.0 
21573586 87 66 6.806932273211652 6.8786208879935336 0.0 
21573586 88 82 6.692574655555114 7.715828933966427 0.0 
21573586 89 18 4.843404750067041 7.064667120431955 0.0 
21573586 90 0 9.096773423174241 10.413499304323528 0.0 
21573586 91 48 6.532151335216141 8.646060096158532 0.0 
21573586 92 2 8.942383810225085 12.646054093584576 0.0 
21573586 93 62 6.806932273211652 8.646060096158532 0.0 
21573586 94 0 8.54721154718322 14.04140083687273 0.0 
21573586 95 81 7.26490050320417 9.669314374569845 0.0 
21573586 96 71 6.785597771774324 7.157690236651165 0.0 
21573586 97 73 6.806932273211652 6.971644004212744 0.0 
21573586 98 60 6.785597771774324 8.553036979939321 0.0 
21573586 99 33 5.616214875231105 7.715828933966427 0.0 
21573586 100 32 5.481023714980514 8.553036979939321 0.0 
21573586 101 7 8.913586131177235 9.390245025912215 0.0 
21573586 102 69 5.4330275832340975 7.808852050185638 0.0 
21573586 103 132 9.576291258350635 9.297221909693004 0.0 
21573586 104 13 11.675036516997116 10.413499304323528 0.0 
21573586 105 168 9.27996071517125 10.413499304323528 0.0 
21573586 106 74 6.623744981214645 6.971644004212744 0.0 
21573586 107 38 6.118642679893989 7.808852050185638 0.0 
21573586 108 0 6.25737039722063 9.576291258350635 0.0 
21573586 109 3 6.806932273211652 8.646060096158532 0.0 
21573586 110 40 5.24984029123709 8.646060096158532 0.0 
21573586 111 15 3.875935601259535 7.808852050185638 0.0 
21573586 112 45 5.982589459225119 8.553036979939321 0.0 
21573586 113 0 9.55474165316676 10.134429955665897 0.0 
21573586 114 0 6.25737039722063 8.553036979939321 0.0 
21573586 115 76 5.707808521229608 7.808852050185638 0.0 
21573586 116 16 3.417967371267017 7.064667120431955 0.0 
21573586 117 83 6.715338627213148 7.157690236651165 0.0 
21573586 118 100 6.715338627213148 7.064667120431955 0.0 
21573586 119 2 11.020239989142818 14.134423953091941 7.526014533798531e-11 
21573586 120 101 6.806932273211652 6.320482190678272 0.0 
21573586 121 13 9.096773423174241 13.94837772065352 0.0 
21573586 122 95 6.938438491925597 7.808852050185638 0.0 
21573586 123 142 9.428151858711098 10.227453071885106 0.0 
21573586 124 0 7.542633046776772 10.413499304323528 0.0 
21573586 125 0 7.346531509273418 9.762337490789054 0.0 
21573586 126 69 6.806932273211652 8.553036979939321 0.0 
21573586 127 29 4.150716539255046 6.413505306897482 0.0 
21573586 128 0 11.478208219135336 14.134423953091941 7.88723322764362e-11 
21573586 129 0 7.393880609720935 9.762337490789054 0.0 
21573586 130 0 8.638805193181723 12.646054093584576 0.0 
21573586 133 0 7.356494149202674 9.762337490789054 0.0 
21573586 135 0 7.722868733196688 9.762337490789054 0.0 
21573586 136 1 6.898525919210155 9.762337490789054 0.0 
21573586 137 56 7.173306857205667 9.762337490789054 0.0 
21573586 138 1 6.806932273211652 9.669314374569845 0.0 
21573586 139 0 6.33263110561968 9.576291258350635 0.0 
21573586 140 58 6.623744981214645 7.901875166404848 0.0 
21573586 141 0 8.180836963189206 10.599545536761948 0.0 
21573586 142 0 7.26490050320417 9.669314374569845 0.0 
21573586 143 58 7.356494149202674 9.762337490789054 0.0 
21573586 144 1 13.111169674680628 14.134423953091941 2.2667506760498668e-11 
21573586 146 0 11.111833635141322 14.134423953091941 4.835863307017796e-11 
21573586 147 0 11.622799815173263 14.04140083687273 9.975935008621484e-12 
21573586 148 0 12.302551033121869 14.134423953091941 4.578482037942422e-11 
21573586 149 1 11.583948093438048 14.134423953091941 5.971936833937264e-11 
21573586 151 0 12.143308836238507 14.134423953091941 6.571333061033968e-11 
21573586 152 2 12.485738325118875 14.134423953091941 5.186677129453976e-11 
21573586 153 1 12.760519263114388 14.134423953091941 4.524640037639749e-11 
21573586 154 2 7.356494149202674 9.018152561035372 0.0 
21573586 155 2 12.366984744926945 14.134423953091941 1.1153589336843073e-11 
21573586 156 0 9.576291258350635 14.134423953091941 8.991837135985392e-11 
21573586 157 0 11.111833635141322 14.134423953091941 6.076586456238431e-11 
21573586 158 0 7.8144623791951915 12.273961628707735 0.0 
21573586 159 7 6.898525919210155 8.3669907475009 0.0 
21573586 160 1 7.356494149202674 10.506522420542737 0.0 
21573586 161 0 9.005179777175737 8.18094451506248 0.0 
21573586 162 4 5.6693203771438 6.320482190678272 0.0 
21573586 163 0 6.8786208879935336 10.227453071885106 0.0 
21573586 164 0 8.18094451506248 7.715828933966427 0.0 
21573586 165 0 7.758234303957206 14.134423953091941 2.8100657217811076e-11 
21573586 166 4 7.075015811520677 14.134423953091941 1.0640557879249002e-11 
21573586 167 4 6.898525919210155 10.320476188104317 0.0 
21573586 168 0 8.304764845311613 13.576285255776678 3.739232447980134e-12 
21573586 169 0 8.730398839180227 14.134423953091941 1.663450488464946e-10 
21573586 170 0 7.622805817747216 14.134423953091941 1.0423047841490174e-11 
21573586 171 3 5.483274144705379 9.762337490789054 0.0 
21573586 172 13 6.785597771774324 5.948389725801431 0.0 
21573586 173 9 5.799402167228112 10.506522420542737 0.0 
21573586 174 3 12.668925617115883 14.134423953091941 3.631609943322012e-11 
21573586 175 7 5.616214875231105 10.506522420542737 0.0 
21573586 176 6 5.018158563609327 7.9948982826240576 0.0 
21573586 177 3 12.027770095126357 14.134423953091941 1.8581424593433482e-11 
21573586 178 16 6.990119565208659 10.971638001638789 0.0 
21573586 179 6 12.302551033121869 14.134423953091941 7.72587549491277e-11 
21573586 180 1 8.730398839180227 9.762337490789054 0.0 
21573586 181 1 8.82199248517873 11.994892280050102 0.0 
21573586 182 20 7.173306857205667 10.599545536761948 0.0 
21573586 183 0 7.356494149202674 11.529776698954052 0.0 
21573586 184 0 9.921116237160774 14.134423953091941 9.077553292380358e-11 
21573586 185 0 7.940411151075342 13.94837772065352 8.837591249089005e-12 
21573586 186 0 8.455617901184716 14.04140083687273 9.99376623123105e-12 
21573586 187 4 11.752989157130846 14.134423953091941 5.6290330036068426e-11 
21573586 188 31 9.096773423174241 14.134423953091941 1.3635693268954086e-11 
21573586 189 0 8.16107860253164 12.646054093584576 0.0 
21573586 190 0 10.907087800600738 14.134423953091941 6.386808443226144e-11 
21573586 191 1 6.806932273211652 9.762337490789054 0.0 
21573586 192 0 12.520755876846339 14.134423953091941 1.963451103093039e-11 
21573586 198 0 11.85721336411525 14.134423953091941 1.2767453760886838e-10 
21573586 199 0 12.85211290911289 14.134423953091941 9.988520427439695e-11 
21573586 200 0 12.119363741124861 14.134423953091941 8.660255151893281e-11 
21573586 201 0 11.84458280312935 14.134423953091941 4.9944159918879905e-11 
21573586 202 0 12.302551033121869 14.134423953091941 3.9175686999959325e-11 
21573586 203 0 13.401674785103912 14.134423953091941 8.276588442379662e-11 
21573586 204 0 13.493268431102416 14.134423953091941 8.961919401029306e-11 
21573586 205 0 7.448087795201177 14.134423953091941 1.1400789166893244e-11 
21573586 206 0 11.203427281139826 14.134423953091941 5.558321858334381e-11 
21573586 207 0 11.752989157130846 14.134423953091941 1.7635314042419026e-10 
21573586 208 0 12.668925617115883 14.134423953091941 2.725090986199774e-11 
21573586 209 0 13.584862077100919 14.134423953091941 3.65129246282514e-11 
21573586 210 0 13.314628141060332 14.134423953091941 7.203594665217139e-11 
21573586 211 0 9.921116237160774 13.576285255776678 0.0 
21573586 212 0 7.9060560251936955 9.669314374569845 0.0 
21573586 213 0 12.119363741124861 14.134423953091941 3.8994630441324674e-11 
21573586 215 2 8.913586131177235 10.87861488541958 1.5816117946571007e-12 
21573586 216 0 11.752989157130846 8.18094451506248 1.1164336599298053e-12 
21573586 217 0 8.3669907475009 10.599545536761948 2.969538948505851e-14 
21573586 218 3 9.55474165316676 11.715822931392472 0.0 
21573586 219 1 11.622799815173263 14.134423953091941 2.2703597682416365e-11 
21573586 220 0 11.994892280050102 14.134423953091941 3.944292115143355e-11 
21573586 222 35 6.715338627213148 6.413505306897482 0.0 
21573586 223 1 9.853268045815762 13.66930837199589 0.0 
21573586 224 85 6.623744981214645 8.553036979939321 0.0 
21573586 225 11 2.959999141274499 7.808852050185638 0.0 
21573586 226 9 8.455617901184716 8.273967631281689 0.0 
21573586 227 129 6.623744981214645 5.7623434933630096 0.0 
21573586 228 70 4.791872061244572 8.553036979939321 0.0 
21573586 229 19 4.150716539255046 8.646060096158532 0.0 
21573586 230 9 8.54721154718322 8.553036979939321 0.0 
21573586 231 13 3.7843419552610316 7.808852050185638 0.0 
21573586 232 120 6.898525919210155 8.553036979939321 0.0 
21573586 233 7 8.730398839180227 7.715828933966427 0.0 
21573586 234 80 5.799402167228112 7.157690236651165 0.0 
21573586 235 102 6.715338627213148 6.413505306897482 0.0 
21573586 236 20 4.791872061244572 7.808852050185638 0.0 
21573586 237 113 5.799402167228112 7.808852050185638 0.0 
21573586 238 139 6.715338627213148 6.320482190678272 0.0 
21573586 239 82 9.005179777175737 9.111175677254582 0.0 
21573586 240 29 11.84458280312935 11.436753582734841 0.0 
21573586 241 5 8.46001386372011 8.46001386372011 0.0 
20867355 0 0 6.440557689217638 12.119363741124861 0.0 
20867355 1 0 12.027770095126357 14.134423953091941 5.1449421112348404e-11 
20867355 2 0 9.306737504461356 14.134423953091941 3.424878783353513e-11 
20867355 3 5 5.982589459225119 9.646335299165264 0.0 
20867355 4 3 4.517091123249061 11.661395511132342 0.0 
20867355 5 5 3.875935601259535 8.455617901184716 0.0 
20867355 6 1 8.364024255186212 14.134423953091941 1.300175384022495e-10 
20867355 7 4 3.1431864332715063 5.524621229232601 0.0 
20867355 8 0 7.539681441199681 14.134423953091941 2.182324182475881e-10 
20867355 9 2 3.417967371267017 6.532151335216141 0.0 
20867355 10 0 7.997649671192199 12.485738325118875 0.0 
20867355 11 0 5.890995813226615 11.386614573136832 0.0 
20867355 12 11 4.791872061244572 10.837052697145811 0.0 
20867355 13 0 4.570139479389838 10.379084467153293 0.0 
20867355 14 7 3.967529247258039 10.195897175156285 0.0 
20867355 15 0 5.4330275832340975 11.203427281139826 0.0 
20867355 16 0 5.24984029123709 14.134423953091941 1.6249782769373056e-11 
20867355 17 12 5.890995813226615 9.737928945163768 0.0 
20867355 18 0 4.425497477250557 9.646335299165264 0.0 
20867355 19 0 7.081713211207163 13.768049369097927 0.0 
20867355 20 18 4.517091123249061 8.638805193181723 0.0 
20867355 21 0 4.990304854366866 8.638805193181723 0.0 
20867355 22 8 3.7843419552610316 6.898525919210155 0.0 
20867355 23 13 3.1431864332715063 5.890995813226615 0.0 
20867355 24 0 6.715338627213148 9.737928945163768 0.0 
20867355 28 0 10.581975434288303 14.134423953091941 1.610007092922583e-11 
20867355 29 0 8.364024255186212 10.012709883159278 0.0 
20867355 30 0 5.616214875231105 10.470678113151797 0.0 
20867355 31 0 7.539681441199681 14.134423953091941 2.0389200744430624e-11 
20867355 32 0 8.27243060918771 7.8144623791951915 0.0 
20867355 33 2 5.707808521229608 9.737928945163768 0.0 
20867355 34 0 7.539681441199681 14.134423953091941 2.1755264256739792e-11 
20867355 35 0 9.337646626126851 14.134423953091941 1.2200092325276302e-10 
20867355 36 0 9.737928945163768 14.134423953091941 4.0152915714575244e-11 
20867355 37 0 11.534625385807361 14.134423953091941 5.258028387689073e-11 
20867355 39 0 12.119363741124861 14.134423953091941 4.0647901711210466e-11 
20867355 41 1 5.158246645238586 8.455617901184716 0.0 
20867355 42 30 5.936465832775853 9.737928945163768 0.0 
20867355 43 20 4.6086847692475645 7.9060560251936955 0.0 
20867355 44 19 4.700278415246069 7.448087795201177 0.0 
20867355 45 21 5.524621229232601 8.638805193181723 0.0 
20867355 46 12 3.417967371267017 6.532151335216141 0.0 
20915734 0 1 10.837052697145811 14.134423953091941 5.2383836851577215e-11 
20915734 1 3 8.913586131177235 10.470678113151797 0.0 
20915734 2 11 12.189727518025876 14.134423953091941 1.0959875368365957e-10 
20915734 3 6 8.304764845311613 14.134423953091941 3.2244033831840824e-11 
20915734 4 0 10.562271759150299 12.485738325118875 0.0 
20915734 5 0 8.54721154718322 13.676455723099423 3.7901400767870186e-12 
20915734 6 2 3.7843419552610316 12.485738325118875 0.0 
20915734 7 0 3.7843419552610316 11.386614573136832 0.0 
20915734 8 0 4.883465707243076 12.485738325118875 0.0 
20915734 9 0 10.104303529157782 14.134423953091941 7.054658940353065e-11 
20915734 10 2 5.799402167228112 13.951236661094933 5.611064998051196e-12 
20915734 11 7 2.8684054952759954 9.005179777175737 0.0 
20915734 12 16 8.913586131177235 9.188367069172745 0.0 
20915734 13 10 5.982589459225119 11.661395511132342 0.0 
20915734 14 6 2.502030911281981 8.27243060918771 0.0 
20915734 15 3 10.745459051147307 13.310081139105408 0.0 
20915734 16 18 8.93482681852278 11.386614573136832 0.0 
20915734 18 0 10.745459051147307 14.134423953091941 4.6845798074013345e-11 
20915734 19 0 11.386614573136832 14.134423953091941 7.107579108600603e-11 
20915734 20 3 6.623744981214645 14.134423953091941 3.430148873273531e-11 
20915734 21 6 12.027770095126357 14.134423953091941 6.739968305691235e-11 
20915734 22 5 8.82199248517873 12.760519263114388 0.0 
20915734 23 3 9.646335299165264 14.134423953091941 2.9024156342205565e-11 
20915734 24 0 10.87623558005905 14.134423953091941 5.3591277249243063e-11 
20915734 25 0 11.478208219135336 14.134423953091941 6.469925289964706e-11 
20915734 26 0 11.478208219135336 14.134423953091941 8.86082318629633e-11 
20915734 27 0 11.020239989142818 14.134423953091941 3.8062546170447575e-11 
20915734 29 13 8.576233912690425 9.463148007168256 0.0 
20915734 30 2 10.817439574142648 14.134423953091941 2.930642534204608e-11 
20915734 31 0 8.455617901184716 11.56980186513384 0.0 
20915734 32 5 2.8684054952759954 7.722868733196688 0.0 
20915734 33 6 2.685218203278988 8.180836963189206 0.0 
20915734 34 1 3.6011546632640243 11.56980186513384 0.0 
20915734 35 5 2.3188436192849737 7.539681441199681 0.0 
20943532 3 14 7.173306857205667 10.670344495783814 0.0 
20943532 4 11 7.081713211207163 11.606582186948174 0.0 
20943532 6 0 7.576057456839071 10.576720726667379 0.0 
20943532 7 0 13.506886367885318 14.134423953091941 7.202515667215081e-11 
20943532 8 17 6.25737039722063 8.51699780610579 0.0 
20943532 9 0 7.239591137857708 10.483096957550943 0.0 
20943532 10 0 6.348964043219134 10.202225650201635 0.0 
20943532 11 9 6.532151335216141 14.134423953091941 1.0776814336754814e-11 
20943532 12 1 6.08277980907846 7.86163142229074 0.0 
20943532 13 1 7.081713211207163 13.947176414859069 7.39991141279761e-12 
20943532 14 0 4.425497477250557 10.576720726667379 0.0 
20943532 15 0 8.851295386666019 14.040800183975506 0.0 
20943532 16 0 8.455617901184716 14.040800183975506 0.0 
20943532 17 1 2.6925806581290694 6.363651116427767 0.0 
20943532 18 12 6.623744981214645 10.483096957550943 0.0 
20943532 19 7 3.0646731230059108 7.206265038475689 0.0 
20943532 20 2 2.4104372652834773 6.363651116427767 0.0 
20943532 21 5 5.3414339372355935 9.546859266386585 0.0 
20943532 22 0 8.54721154718322 14.134423953091941 1.460486870330513e-10 
20943532 23 0 8.730398839180227 12.542819878112532 0.0 
20943532 24 8 4.273973633855645 7.768007653174305 0.0 
20943532 25 12 6.074183105223622 11.325710879598866 0.0 
20943532 26 7 3.6011546632640243 5.989156039962023 0.0 
20943532 27 17 5.24984029123709 6.925393731126382 0.0 
20943532 30 0 6.785597771774324 11.419334648715301 3.890327296418583e-12 
20943532 31 0 12.485738325118875 14.134423953091941 9.09966685336272e-11 
20943532 32 0 12.760519263114388 14.134423953091941 7.18919437869836e-11 
