1397598 0 4775434256384.0 175403296.0 5.707808521229608 14.134423953091941 1.4914475904292956e-11
1397598 1 4775434256384.0 321508224.0 6.715338627213148 12.302551033121869 0.0
1397598 2 4775434256384.0 204115920.0 7.539681441199681 14.134423953091941 5.015988666090543e-11
1397598 4 4775434256384.0 1092924160.0 12.027770095126357 14.134423953091941 2.6574720202177105e-10
1397598 6 4775434256384.0 1150191488.0 6.715338627213148 14.042830307093437 7.894539189035044e-12
1397598 7 4775434256384.0 1073146752.0 3.2737960429823034 12.85211290911289 0.0
1397598 8 4775434256384.0 179962736.0 6.806932273211652 10.653865405148803 0.0
1397598 9 4775434256384.0 129990696.0 6.806932273211652 8.54721154718322 0.0
1397598 10 4775434256384.0 121151896.0 11.401771246319912 14.134423953091941 2.0787982446535125e-10
1437151 0 3781219057664.0 6596203520.0 8.54721154718322 14.134423953091941 7.998332551828469e-11
1437151 1 3781219057664.0 449641184.0 9.737928945163768 14.134423953091941 3.0679728202365197e-10
1437151 2 3781219057664.0 140620208.0 10.379084467153293 14.134423953091941 4.5712711393974814e-11
1437151 3 3781219057664.0 497205504.0 11.752989157130846 14.134423953091941 1.590041709409462e-10
1437151 5 3781219057664.0 23612901376.0 8.832106328596952 14.134423953091941 3.401185930118622e-11
1437151 7 3781219057664.0 349069504.0 6.898525919210155 14.134423953091941 2.1045185039092473e-10
1437151 8 3781219057664.0 904329856.0 4.059122893256543 14.134423953091941 8.2611688323464e-11
1437151 9 3781219057664.0 144596608.0 6.506528423116692 13.297215907119048 0.0
1437151 10 3781219057664.0 528566912.0 3.692748309262528 14.134423953091941 2.989529110375422e-11
1437151 11 3781219057664.0 130235512.0 7.997649671192199 14.04140083687273 0.0
1454018 0 4599755309056.0 2565750528.0 5.3414339372355935 14.134423953091941 4.005983739174823e-11
1454018 1 4599755309056.0 357766016.0 4.832112331170907 14.134423953091941 1.0118057433561312e-11
1454018 2 4599755309056.0 293409536.0 6.806932273211652 14.134423953091941 2.866514837995826e-11
1454018 4 4599755309056.0 228365168.0 13.390239023338259 14.134423953091941 5.430058833133522e-11
1454018 6 4599755309056.0 115702264.0 6.785597771774324 14.134423953091941 1.1317059789295314e-10
1454018 7 4599755309056.0 104567168.0 6.25737039722063 13.666305107509762 9.518678163386585e-13
1454018 8 4599755309056.0 100360360.0 5.066652999240083 8.610621575222225 0.0
1752298 0 1546706354176.0 8929765376.0 10.012709883159278 14.134423953091941 3.831512052077102e-10
1752298 1 1546706354176.0 2368858112.0 9.005179777175737 14.134423953091941 1.086900708324734e-10
1752298 2 1546706354176.0 3825379840.0 7.901875166404848 14.134423953091941 3.0365349124039653e-10
1752298 3 1546706354176.0 634671744.0 10.470678113151797 14.134423953091941 1.3199516479822648e-10
1752298 4 1546706354176.0 152944880.0 7.173306857205667 14.134423953091941 4.445812815112582e-11
1752298 6 1546706354176.0 123451344.0 9.096773423174241 14.134423953091941 3.938678549975094e-11
1757806 0 1907597246464.0 110173992.0 4.739089214951696 9.762337490789054 0.0
726306 0 1250339717120.0 371704928.0 10.653865405148803 14.134423953091941 3.743915732989933e-10
726306 1 1250339717120.0 120554000.0 4.975059353241579 14.134423953091941 2.8561679063510148e-11
726306 2 1250339717120.0 333212992.0 10.928646343144313 14.134423953091941 1.4127979341971297e-10
726306 4 1250339717120.0 3220794624.0 9.096773423174241 14.134423953091941 1.3077257332572145e-10
726306 5 1250339717120.0 173101744.0 9.55474165316676 14.134423953091941 8.067878309869769e-11
1273111 0 3704251744256.0 323457600.0 13.218487493106904 14.134423953091941 2.523784514707472e-10
1273111 4 3704251744256.0 564114624.0 10.745459051147307 14.134423953091941 1.5390244634261308e-10
1273111 5 3704251744256.0 1189133056.0 5.890995813226615 14.134423953091941 4.0143260243707957e-11
1273111 6 3704251744256.0 1085150080.0 8.089243317190702 14.134423953091941 2.7308625846766965e-11
1273111 7 3704251744256.0 152909824.0 6.532151335216141 13.676455723099423 0.0
1273111 11 3704251744256.0 38064455680.0 13.126893847108402 9.096773423174241 9.18580662923052e-12
1273111 12 3704251744256.0 139044208.0 12.668925617115883 14.134423953091941 1.4729614750130793e-10
1273111 14 3704251744256.0 159443728.0 6.623744981214645 14.134423953091941 2.1246775172567567e-11
1273111 15 3704251744256.0 832295040.0 12.210957387123365 11.661395511132342 0.0
1273111 16 3704251744256.0 1161700224.0 4.059122893256543 12.027770095126357 0.0
1273111 17 3704251744256.0 155057248.0 13.310081139105408 13.859643015096431 0.0
1343568 0 5322655662080.0 12591613952.0 10.379084467153293 14.134423953091941 1.4110576596060298e-10
1343568 1 5322655662080.0 2407522560.0 8.646060096158532 14.134423953091941 1.874402161261557e-10
1343568 2 5322655662080.0 5794758144.0 7.343736469089586 14.134423953091941 6.48600478880823e-11
1343568 3 5322655662080.0 1830294528.0 4.553042982513276 14.134423953091941 3.4366107182215444e-11
1343568 4 5322655662080.0 110729176.0 10.653865405148803 13.94837772065352 0.0
1343568 5 5322655662080.0 264932768.0 13.7623314882151 14.134423953091941 1.8123423595195476e-10
1343568 7 5322655662080.0 420195360.0 4.150716539255046 13.7623314882151 0.0
1488352 0 3549775790080.0 2742768128.0 8.646060096158532 14.134423953091941 2.5127386282797204e-10
1488352 1 3549775790080.0 4497402880.0 5.297227912266958 14.134423953091941 6.1645986926262e-11
1488352 2 3549775790080.0 1119041024.0 8.82199248517873 14.134423953091941 1.7144431707638574e-10
1488352 3 3549775790080.0 200782304.0 9.921116237160774 14.134423953091941 4.659739608059432e-11
1488352 4 3549775790080.0 192428208.0 8.739083212377741 12.553030977365365 7.166292299159993e-12
1488352 5 3549775790080.0 190329552.0 7.9948982826240576 14.134423953091941 6.816228137473956e-11
1488352 6 3549775790080.0 1209832704.0 7.622805817747216 14.134423953091941 2.801167631183432e-11
1488352 8 3549775790080.0 3266822144.0 6.599551539335903 13.66930837199589 2.435212133940906e-13
1488352 9 3549775790080.0 378612320.0 7.26490050320417 11.622799815173263 0.0
1488352 10 3549775790080.0 107872864.0 6.532151335216141 12.646054093584576 0.0
1540783 0 2433282211840.0 1005401920.0 7.722868733196688 14.134423953091941 4.272485143452798e-11
1540783 1 2433282211840.0 255235744.0 6.898525919210155 14.134423953091941 1.0782971043843403e-10
1540783 2 2433282211840.0 696368192.0 7.120615339043733 14.134423953091941 6.969925331334892e-11
1540783 3 2433282211840.0 229584240.0 8.08792139884327 14.134423953091941 1.0088850761758028e-11
1540783 4 2433282211840.0 345869536.0 4.791872061244572 14.134423953091941 1.1853412348883374e-11
1540783 5 2433282211840.0 6433123328.0 10.134429955665897 14.134423953091941 8.32584834409289e-11
1540783 6 2433282211840.0 3647743232.0 8.638805193181723 14.134423953091941 1.0659312321692482e-10
1540783 8 2433282211840.0 221716032.0 8.180836963189206 14.134423953091941 3.653694360949977e-11
1540783 9 2433282211840.0 119063192.0 8.364024255186212 14.134423953091941 9.973390169282226e-11
1540783 10 2433282211840.0 100858344.0 6.990119565208659 13.7623314882151 0.0
1567250 0 3332097703936.0 1071977152.0 8.646060096158532 14.134423953091941 1.6462396723593287e-10
1567250 1 3332097703936.0 1417782656.0 6.074183105223622 14.134423953091941 6.234671112714807e-11
1567250 2 3332097703936.0 595096448.0 7.715828933966427 14.134423953091941 4.333461367522773e-11
1567250 4 3332097703936.0 10462132224.0 11.715822931392472 11.994892280050102 1.8149661461241973e-12
1567250 6 3332097703936.0 401504512.0 3.3263737252685135 11.34373046651563 0.0
1662409 0 2479024504832.0 1096695552.0 7.356494149202674 14.134423953091941 3.3542758848259524e-11
1662409 1 2479024504832.0 152286976.0 8.364024255186212 14.134423953091941 2.2585061598690004e-10
1662409 2 2479024504832.0 404070944.0 5.799402167228112 14.134423953091941 4.5460035041910984e-11
1662409 3 2479024504832.0 2014552832.0 13.204192790899837 14.134423953091941 1.0726265708971283e-10
1662409 4 2479024504832.0 190262288.0 13.676455723099423 14.134423953091941 1.0444422236799422e-11
1662409 5 2479024504832.0 14406185984.0 11.622799815173263 14.040800183975506 2.83390975616693e-12
1662409 7 2479024504832.0 148188112.0 11.203427281139826 14.134423953091941 2.0529565547544593e-10
1696892 0 3205836570624.0 7581681152.0 13.483262139557468 14.134423953091941 1.1808716504635441e-10
1696892 2 3205836570624.0 3807208192.0 7.343736469089586 14.134423953091941 2.1540453448709584e-11
1696892 3 3205836570624.0 287843712.0 4.700278415246069 12.449196108996096 0.0
1696892 4 3205836570624.0 14404775936.0 13.126893847108402 14.134423953091941 1.3757994743457402e-10
1696892 7 3205836570624.0 106980440.0 5.4330275832340975 10.202225650201635 0.0
1735143 0 2236870295552.0 140329872.0 8.638805193181723 14.134423953091941 1.0063145455818656e-10
1735143 1 2236870295552.0 468858752.0 5.24984029123709 14.134423953091941 3.4605873722171054e-11
1735143 2 2236870295552.0 2766730752.0 9.55474165316676 14.134423953091941 1.458595744185942e-10
1735143 4 2236870295552.0 554525568.0 4.333903831252053 11.661395511132342 0.0
1735143 5 2236870295552.0 180020336.0 4.24231018525355 7.8144623791951915 0.0
1785362 0 1718572941312.0 142260448.0 10.287490821154789 14.134423953091941 1.9041039578393537e-10
1785362 2 1718572941312.0 3122569216.0 6.8786208879935336 14.134423953091941 2.715170588363236e-10
1785362 3 1718572941312.0 169160816.0 8.54721154718322 14.04140083687273 1.8238182231816724e-12
737885 0 1318081527808.0 285188960.0 7.631275087198184 14.134423953091941 3.3921881970044865e-10
737885 3 1318081527808.0 210957744.0 4.150716539255046 14.134423953091941 7.922661138248799e-11
1318041 0 4987091943424.0 958568704.0 5.052918348797665 14.134423953091941 1.3779939862790247e-11
1318041 1 4987091943424.0 391868416.0 11.23208711048243 14.134423953091941 1.7079344882819925e-10
1318041 4 4987091943424.0 31014041600.0 8.832106328596952 14.134423953091941 8.877866497503106e-11
1318041 5 4987091943424.0 12357372928.0 8.613604765452875 14.134423953091941 9.983695120618918e-11
1318041 7 4987091943424.0 170260208.0 8.27243060918771 13.853552645742633 0.0
1378064 0 4616050180096.0 2709416448.0 11.34373046651563 14.134423953091941 8.028604170373654e-11
1378064 1 4616050180096.0 6583220736.0 7.157690236651165 14.134423953091941 3.446478866186986e-11
1378064 2 4616050180096.0 696038912.0 12.087915396269313 14.134423953091941 1.5528803243292089e-10
1378064 3 4616050180096.0 1790761088.0 8.553036979939321 14.134423953091941 1.345677597131001e-10
1378064 4 4616050180096.0 983432512.0 9.463148007168256 14.134423953091941 6.914327443929835e-11
1378064 5 4616050180096.0 544346048.0 6.623744981214645 14.134423953091941 1.7085834483343554e-11
1378064 7 4616050180096.0 119317040.0 11.752989157130846 14.134423953091941 5.024234500661251e-11
1378064 8 4616050180096.0 147966304.0 10.971638001638789 14.134423953091941 1.3233178441929283e-11
1378064 9 4616050180096.0 5987305472.0 10.653865405148803 14.134423953091941 1.030799820500583e-10
1378064 10 4616050180096.0 9799204864.0 10.562271759150299 14.134423953091941 1.5971793332347772e-10
1378064 11 4616050180096.0 5416845312.0 12.273961628707735 14.134423953091941 1.249990111418242e-10
1378064 13 4616050180096.0 5655037952.0 7.529782701528006 14.134423953091941 4.0913539223197404e-10
1378064 14 4616050180096.0 283401824.0 6.413505306897482 14.134423953091941 9.613318474599453e-11
1378064 15 4616050180096.0 135076832.0 4.832112331170907 7.901875166404848 0.0
1515368 0 3743922782208.0 1980031872.0 7.622805817747216 14.134423953091941 1.1407885747161117e-10
1515368 1 3743922782208.0 1820764672.0 7.8144623791951915 14.134423953091941 5.807239411570464e-11
1515368 2 3743922782208.0 695288384.0 4.975059353241579 14.134423953091941 1.6574828315407686e-11
1515368 3 3743922782208.0 2657767936.0 6.227459074459062 14.134423953091941 5.4451422537571403e-11
1515368 5 3743922782208.0 6882608128.0 11.622799815173263 14.134423953091941 7.608822599758369e-11
1515368 7 3743922782208.0 196180528.0 7.997649671192199 14.134423953091941 2.5487452426364854e-11
1515368 8 3743922782208.0 206603376.0 2.1344419608138074 7.529782701528006 0.0
1515368 9 3743922782208.0 210943376.0 5.204204796047748 12.180938512488524 0.0
1515368 10 3743922782208.0 162968928.0 4.925135447390117 11.622799815173263 0.0
1557597 0 1775073230848.0 1755729024.0 12.087915396269313 14.134423953091941 6.101577576522743e-11
1557597 1 1775073230848.0 6851974144.0 7.622805817747216 14.134423953091941 6.98542473864805e-11
1557597 2 1775073230848.0 268852864.0 13.126893847108402 14.134423953091941 1.052813947133302e-10
1557597 3 1775073230848.0 2004501376.0 11.203427281139826 14.134423953091941 1.4592711761185484e-10
1557597 4 1775073230848.0 586523136.0 11.203427281139826 14.134423953091941 1.0246305193195582e-10
1557597 5 1775073230848.0 434089952.0 14.042830307093437 14.134423953091941 2.465088411174321e-10
1557597 6 1775073230848.0 1079311360.0 13.768049369097927 14.134423953091941 5.243845982438877e-11
1557597 7 1775073230848.0 307390816.0 13.952247105973807 14.134423953091941 1.1016651479955897e-10
1557597 8 1775073230848.0 123552520.0 7.173306857205667 14.134423953091941 3.188118866126466e-11
1557597 9 1775073230848.0 24496449536.0 11.295020927138328 13.111169674680628 6.280891171744907e-12
1557597 10 1775073230848.0 10931321856.0 8.18094451506248 14.134423953091941 1.02848930760846e-10
1557597 12 1775073230848.0 215517472.0 5.483274144705379 12.646054093584576 0.0
1681524 0 2336830783488.0 3994492672.0 10.134429955665897 14.134423953091941 1.3780590557566086e-10
1681524 1 2336830783488.0 6101707776.0 9.096773423174241 14.134423953091941 5.064038424706929e-11
1681524 2 2336830783488.0 4696444416.0 13.66930837199589 14.134423953091941 7.644564148368005e-11
1681524 4 2336830783488.0 105834200.0 6.806932273211652 14.134423953091941 1.6078570419519878e-10
1720071 0 1863066714112.0 2297530368.0 4.843404750067041 14.134423953091941 1.1862255101802166e-11
1720071 1 1863066714112.0 394074432.0 8.03149957463441 14.134423953091941 6.645502897972833e-11
1720071 2 1863066714112.0 109022592.0 4.47905105583077 14.134423953091941 1.162413828387221e-11
1720071 5 1863066714112.0 1037650176.0 4.205785785153568 14.134423953091941 2.0959704458145545e-11
1772612 1 1515255758848.0 154552640.0 2.8684054952759954 11.15768423407721 0.0
1797050 0 1470659821568.0 618754496.0 10.012709883159278 14.134423953091941 3.2436442420902267e-10
1797050 1 1470659821568.0 3917639936.0 12.485738325118875 14.134423953091941 1.5837443856359101e-10
1809568 0 14204420489216.0 10983627776.0 4.739089214951696 12.366984744926945 4.872072363604207e-12
1809568 1 14204420489216.0 15664271360.0 4.6460660987324855 6.599551539335903 0.0
1809568 2 14204420489216.0 12165941248.0 5.85536660958222 14.04140083687273 8.92060904311709e-12
1809568 3 14204420489216.0 5998371328.0 4.791872061244572 13.576285255776678 7.51321314190756e-12
1809568 4 14204420489216.0 4787413504.0 6.623744981214645 14.134423953091941 2.1276293227234788e-11
1809568 5 14204420489216.0 2257186048.0 6.990119565208659 14.134423953091941 5.913498163367947e-11
1809568 6 14204420489216.0 2829423616.0 7.26490050320417 14.134423953091941 2.801137967411993e-11
1809568 7 14204420489216.0 1547809280.0 8.82199248517873 14.134423953091941 5.5164581236333277e-11
1809568 8 14204420489216.0 819478336.0 6.532151335216141 14.134423953091941 1.2867649654135782e-11
1809568 9 14204420489216.0 857077376.0 7.997649671192199 14.134423953091941 1.0186086696339913e-10
1809568 10 14204420489216.0 1743495424.0 9.669314374569845 14.134423953091941 3.1571689707021733e-10
1809568 11 14204420489216.0 1552264064.0 4.832112331170907 10.041406839446687 0.0
1809568 12 14204420489216.0 238542944.0 5.3414339372355935 9.762337490789054 0.0
1809568 13 14204420489216.0 1518547968.0 5.018158563609327 12.460007861146154 2.3434178859568777e-13
1809568 14 14204420489216.0 1341002112.0 5.297227912266958 12.646054093584576 0.0
1809568 15 14204420489216.0 529387904.0 9.463148007168256 14.134423953091941 3.1232527675228994e-10
1809568 16 14204420489216.0 425052928.0 7.622805817747216 14.134423953091941 8.310802046551657e-11
1809568 17 14204420489216.0 287007968.0 5.24984029123709 7.901875166404848 0.0
1809568 18 14204420489216.0 156758608.0 6.506528423116692 12.646054093584576 5.513795258045573e-13
1809568 19 14204420489216.0 110031536.0 13.035300201109898 14.134423953091941 6.859422752025779e-11
1809568 20 14204420489216.0 111575040.0 6.165776751222126 9.762337490789054 0.0
1809568 21 14204420489216.0 122165496.0 5.111181679828538 8.646060096158532 0.0
1809568 22 14204420489216.0 18740092928.0 6.971644004212744 13.85535460443431 8.559206295111199e-12
1809568 23 14204420489216.0 18413350912.0 5.6693203771438 14.134423953091941 1.3435351789437e-11
1809568 25 14204420489216.0 811605312.0 2.9716500067867004 11.15768423407721 0.0
1809568 26 14204420489216.0 4523380224.0 3.6011546632640243 11.622799815173263 0.0
1809568 27 14204420489216.0 4928257536.0 3.2507193554443314 11.15768423407721 0.0
1809568 28 14204420489216.0 2199030784.0 4.460019866294066 11.994892280050102 0.0
1809568 29 14204420489216.0 143546240.0 4.925135447390117 7.250713352870375 0.0
1809568 30 14204420489216.0 129201200.0 5.707808521229608 10.692568652981159 0.0
1809568 31 14204420489216.0 350423456.0 5.445921625004231 11.25070735029642 0.0
1185365 0 8806284132352.0 978010880.0 9.762337490789054 14.134423953091941 8.7560625416927e-11
1185365 1 8806284132352.0 2364650752.0 8.364024255186212 14.134423953091941 8.759859504436918e-11
1185365 2 8806284132352.0 290670368.0 11.936176449127855 14.134423953091941 4.4672349153174196e-11
1185365 3 8806284132352.0 3856810752.0 4.553042982513276 12.087915396269313 0.0
1185365 4 8806284132352.0 575582912.0 7.2117037626028 14.134423953091941 1.29800076936748e-11
1185365 5 8806284132352.0 1286675072.0 4.700278415246069 13.7623314882151 3.997969923869027e-12
1185365 6 8806284132352.0 1274884224.0 7.9948982826240576 14.134423953091941 4.6543411486021924e-11
1185365 7 8806284132352.0 193939056.0 8.27243060918771 14.134423953091941 2.29890932679222e-11
1185365 9 8806284132352.0 597861696.0 12.460007861146154 14.134423953091941 8.8077073412407e-11
1185365 10 8806284132352.0 357645824.0 12.553030977365365 14.134423953091941 9.002820711145887e-11
1185365 11 8806284132352.0 34770526208.0 9.005179777175737 14.134423953091941 1.706349297969645e-11
1185365 12 8806284132352.0 10105389056.0 8.925129444816163 14.134423953091941 8.638713355768601e-11
1185365 13 8806284132352.0 13709389824.0 10.104303529157782 14.134423953091941 1.0311421855258018e-10
1185365 14 8806284132352.0 14901650432.0 6.165776751222126 14.134423953091941 2.499520902754515e-11
1185365 18 8806284132352.0 101542200.0 6.532151335216141 14.134423953091941 7.373984062253314e-11
1185365 19 8806284132352.0 172854432.0 10.195897175156285 14.134423953091941 6.264534724298443e-11
1185365 20 8806284132352.0 233531776.0 9.096773423174241 14.134423953091941 5.972194960790489e-11
1185365 21 8806284132352.0 256928064.0 8.455617901184716 14.134423953091941 6.669551022575604e-11
1185365 22 8806284132352.0 344927520.0 6.715338627213148 12.366984744926945 0.0
1230232 0 4826635173888.0 1384084096.0 4.570139479389838 12.027770095126357 0.0
1230232 1 4826635173888.0 1600196096.0 3.967529247258039 11.56980186513384 0.0
1230232 3 4826635173888.0 224622432.0 3.967529247258039 12.394144679120373 0.0
1593757 0 2147804119040.0 19990499328.0 10.745459051147307 14.134423953091941 7.656034139991164e-11
1593757 2 2147804119040.0 159178224.0 4.739089214951696 14.134423953091941 2.3592830813989885e-11
1608845 0 1655682367488.0 7581681152.0 11.84458280312935 14.134423953091941 1.1808716504635441e-10
1608845 1 1655682367488.0 399188064.0 11.56980186513384 12.119363741124861 8.969644471612526e-12
1608845 2 1655682367488.0 14404775936.0 11.386614573136832 14.134423953091941 1.3757994743457402e-10
1608845 4 1655682367488.0 103548344.0 12.119363741124861 14.134423953091941 1.0891961638170855e-10
1623194 1 2792423161856.0 1243267328.0 6.506528423116692 14.134423953091941 1.729514587101022e-10
1623194 2 2792423161856.0 111750808.0 6.8786208879935336 11.901869163830893 0.0
1642717 0 2841450905600.0 2969944064.0 5.6693203771438 14.134423953091941 3.705158055367086e-11
1642717 3 2841450905600.0 1375355392.0 3.5095610172655207 12.273961628707735 6.38717594439453e-12
1642717 4 2841450905600.0 665184192.0 4.273973633855645 11.34373046651563 0.0
1642717 5 2841450905600.0 113115264.0 2.5936245572804846 7.436759585308796 0.0
1642717 6 2841450905600.0 194195232.0 2.685218203278988 8.273967631281689 0.0
746518 0 1189250072576.0 8104278528.0 8.3669907475009 14.134423953091941 1.3209586202655998e-10
746518 1 1189250072576.0 142934384.0 6.25737039722063 14.134423953091941 2.158336183388787e-11
770934 1 1125589975040.0 342769280.0 5.524621229232601 12.917314954578275 0.0
780704 0 1209894436864.0 337733536.0 7.8144623791951915 14.134423953091941 8.033086695835578e-11
