0 0 1000000000000.0 19934846976.0 7.722868733196688 11.901869163830893 7.306053331768148e-12
0 1 1000000000000.0 13363609600.0 7.081713211207163 14.134423953091941 1.7996392570607256e-11
0 2 1000000000000.0 6442345472.0 7.2560262766891706 14.134423953091941 1.0317548898575168e-11
0 3 1000000000000.0 4722628096.0 9.82952259116227 14.134423953091941 2.0735082054135212e-11
0 4 1000000000000.0 10027814912.0 6.25737039722063 9.576291258350635 0.0
1 2 1000000000000.0 3049807360.0 5.524621229232601 11.295020927138328 0.0
1 3 1000000000000.0 47433084928.0 10.287490821154789 14.134423953091941 3.277104976273648e-11
1 4 1000000000000.0 9976484864.0 13.310081139105408 14.134423953091941 5.4285149292399026e-11
1 5 1000000000000.0 14227624960.0 12.302551033121869 14.134423953091941 7.498431042751719e-11
1 6 1000000000000.0 16214563840.0 8.27243060918771 14.134423953091941 1.7983343980620958e-11
2 1 1000000000000.0 48967421952.0 0 0 4.8827431681219835e-11
3 0 1000000000000.0 78070530048.0 0 0 3.498291240022766e-11
4 0 1000000000000.0 2256532224.0 6.074183105223622 14.134423953091941 8.89055357111701e-11
5 0 1000000000000.0 3002583040.0 13.768049369097927 14.134423953091941 6.86874862543263e-11
5 1 1000000000000.0 7129730560.0 8.364024255186212 14.134423953091941 1.3688044621373852e-11
5 2 1000000000000.0 1144832640.0 10.287490821154789 14.134423953091941 1.0164423469571915e-10
5 3 1000000000000.0 6451898368.0 12.505329766575496 14.134423953091941 1.622840889448085e-10
19 0 1000000000000.0 5484971520.0 13.86115868241474 14.134423953091941 3.092944303451084e-11
20 0 1000000000000.0 11108758528.0 13.86115868241474 14.134423953091941 3.6580509454875454e-11
21 0 1000000000000.0 2196666112.0 11.203427281139826 13.483262139557468 5.717470767663269e-13
21 2 1000000000000.0 2437969920.0 4.183470816244065 14.134423953091941 9.025323544076258e-11
22 0 1000000000000.0 1286383104.0 9.371554361169753 14.134423953091941 1.349105271941653e-10
23 0 1000000000000.0 3331555840.0 11.661395511132342 14.134423953091941 4.086078697618234e-11
23 1 1000000000000.0 3958546176.0 0 0 2.7882097672349282e-11
23 2 1000000000000.0 3117652224.0 0 0 2.3030561832615426e-11
24 0 1000000000000.0 1642279936.0 12.394144679120373 14.134423953091941 1.4956290372847292e-10
24 2 1000000000000.0 1189001216.0 4.700278415246069 12.302551033121869 0.0
26 0 1000000000000.0 2311335424.0 7.7693998745676245 13.310081139105408 0.0
27 0 1000000000000.0 7376714240.0 11.111833635141322 14.134423953091941 2.777668095532704e-10
27 1 1000000000000.0 2228820224.0 9.463148007168256 14.134423953091941 5.504974254222361e-11
27 2 1000000000000.0 2616090880.0 8.669118539547883 14.134423953091941 2.1581843256957e-10
28 1 1000000000000.0 2490817280.0 11.85721336411525 14.134423953091941 4.7422860777190934e-11
29 1 1000000000000.0 4121218304.0 9.27996071517125 14.134423953091941 9.553015323238156e-11
30 0 1000000000000.0 2991112960.0 0 0 8.545578134011578e-11
33 1 1000000000000.0 8531691008.0 11.56980186513384 14.134423953091941 7.950646391252647e-11
