1397598 8 0 0.0 0.0 0.0 11
1437151 9 0 0.0 0.0 0.0 12
1454018 10 0 0.0 0.0 0.0 9
1752298 25 0 0.0 12.5 0.0 7
1757806 26 0 0.0 0.0 0.0 2
726306 27 0 0.0 0.0 0.0 6
1273111 4 0 0.0 0.0 0.0 18
1343568 6 0 -12.5 0.0 0.0 8
1488352 11 0 0.0 0.0 0.0 11
1540783 13 0 0.0 0.0 0.0 11
1567250 15 0 0.0 0.0 0.0 7
1662409 20 0 0.0 0.0 0.0 8
1696892 22 0 0.0 0.0 0.0 8
1735143 24 0 0.0 0.0 0.0 6
1785362 29 0 0.0 0.0 12.5 4
737885 31 0 0.0 0.0 0.0 4
1318041 5 0 0.0 0.0 0.0 8
1378064 7 0 0.0 0.0 0.0 16
1515368 12 0 0.0 0.0 0.0 11
1557597 14 0 0.0 0.0 0.0 13
1681524 21 0 0.0 0.0 0.0 5
1720071 23 0 0.0 0.0 0.0 6
1772612 28 0 0.0 0.0 0.0 3
1797050 30 0 0.0 0.0 0.0 3
1809568 1 0 -12.5 0.0 0.0 32
1185365 2 0 0.0 0.0 0.0 23
1230232 3 0 0.0 12.5 0.0 4
1593757 16 0 0.0 0.0 0.0 3
1608845 17 0 0.0 0.0 0.0 5
1623194 18 0 0.0 0.0 0.0 4
1642717 19 0 0.0 0.0 0.0 7
746518 32 0 0.0 0.0 0.0 3
770934 35 0 0.0 0.0 0.0 2
780704 36 0 0.0 0.0 0.0 3
