19634929 8 0 0.0 0.0 0.0 
19701409 9 0 0.0 0.0 0.0 
20099625 10 0 0.0 0.0 0.0 
18719249 25 0 0.0 0.0 50.0 
18737995 26 0 0.0 0.0 0.0 
18758770 27 0 0.0 0.0 0.0 
19151261 41 0 0.0 0.0 0.0 
19250447 42 0 0.0 0.0 0.0 
19279479 43 0 0.0 0.0 0.0 
19291687 44 0 0.0 0.0 0.0 
19534448 57 0 0.0 0.0 0.0 
17574678 58 0 0.0 0.0 0.0 
19556663 59 0 0.0 0.0 0.0 
19575152 60 0 0.0 0.0 0.0 
19595681 61 0 0.0 0.0 0.0 
19955964 74 0 0.0 0.0 0.0 
17891603 75 0 -50.0 0.0 0.0 
19975481 76 0 0.0 50.0 0.0 
19987957 77 0 0.0 0.0 0.0 
17923940 91 0 0.0 0.0 0.0 
20339743 92 0 0.0 0.0 0.0 
17937667 93 0 0.0 0.0 0.0 
20359745 94 0 0.0 0.0 0.0 
20640561 107 0 0.0 0.0 0.0 
20655128 108 0 0.0 0.0 0.0 
20670327 109 0 0.0 0.0 0.0 
20683856 110 0 0.0 0.0 0.0 
20695119 111 0 0.0 0.0 0.0 
20782068 124 0 0.0 0.0 0.0 
13995967 125 0 0.0 0.0 0.0 
20796004 126 0 0.0 0.0 0.0 
14007135 127 0 0.0 0.0 0.0 
14047307 131 0 0.0 0.0 0.0 
14071649 133 0 0.0 0.0 0.0 
14289610 148 0 0.0 0.0 0.0 
14295496 149 0 0.0 0.0 0.0 
14308491 150 0 0.0 0.0 0.0 
14459773 164 0 0.0 0.0 0.0 
14487345 167 0 0.0 0.0 0.0 
14774113 199 0 0.0 0.0 -50.0 
21924775 5 0 0.0 0.0 0.0 
19182761 7 0 0.0 0.0 0.0 
20532194 12 0 0.0 0.0 0.0 
20823324 14 0 0.0 0.0 0.0 
21059562 21 0 0.0 0.0 0.0 
18644986 23 0 0.0 0.0 0.0 
18781589 28 0 0.0 0.0 0.0 
18849992 30 0 0.0 0.0 0.0 
19054212 37 0 0.0 0.0 0.0 
19104572 39 0 0.0 0.0 0.0 
19316800 46 0 -50.0 0.0 0.0 
19354332 48 0 0.0 0.0 0.0 
19507560 55 0 0.0 50.0 0.0 
19615774 62 0 0.0 0.0 0.0 
19800923 64 0 0.0 0.0 0.0 
19915810 71 0 0.0 0.0 0.0 
19943794 73 0 0.0 0.0 0.0 
20009128 78 0 0.0 0.0 0.0 
20043745 80 0 0.0 0.0 0.0 
20069906 82 0 0.0 0.0 0.0 
20278392 87 0 50.0 0.0 0.0 
20309019 89 0 0.0 0.0 0.0 
20390999 96 0 0.0 0.0 0.0 
20414028 98 0 0.0 0.0 0.0 
20519791 105 0 0.0 0.0 0.0 
20710010 112 0 0.0 0.0 50.0 
17951736 114 0 0.0 0.0 0.0 
18197883 116 0 0.0 0.0 0.0 
18240264 121 0 0.0 0.0 0.0 
20770175 123 0 0.0 0.0 0.0 
14021165 128 0 0.0 0.0 0.0 
20809088 129 0 0.0 0.0 0.0 
14120120 134 0 0.0 0.0 0.0 
14143265 136 0 0.0 0.0 0.0 
14227199 143 0 0.0 0.0 0.0 
14254226 145 0 0.0 0.0 0.0 
14329684 152 0 0.0 0.0 50.0 
14407360 159 0 0.0 0.0 0.0 
14427786 161 0 0.0 0.0 0.0 
14449267 163 0 0.0 0.0 0.0 
14582104 177 0 0.0 0.0 0.0 
21109760 1 0 0.0 0.0 0.0 
21379521 2 0 0.0 0.0 0.0 
21573586 3 0 0.0 0.0 0.0 
20867355 16 0 0.0 0.0 0.0 
20915734 17 0 0.0 0.0 -50.0 
20943532 18 0 0.0 0.0 0.0 
20995479 19 0 0.0 0.0 0.0 
18893253 32 0 0.0 0.0 0.0 
18927202 33 0 0.0 0.0 0.0 
18961506 34 0 0.0 0.0 0.0 
18996096 35 0 0.0 0.0 0.0 
19020656 36 0 0.0 0.0 0.0 
19402355 50 0 0.0 0.0 0.0 
19419622 51 0 0.0 0.0 0.0 
19446998 52 0 0.0 0.0 0.0 
19462908 53 0 0.0 0.0 0.0 
19835441 66 0 0.0 0.0 0.0 
19845187 67 0 0.0 0.0 0.0 
19862361 68 0 0.0 0.0 0.0 
19879649 69 0 0.0 0.0 0.0 
19891777 70 0 0.0 0.0 0.0 
20089287 83 0 0.0 0.0 0.0 
20225920 84 0 0.0 0.0 0.0 
20242621 85 0 0.0 0.0 0.0 
20259284 86 0 0.0 0.0 0.0 
20440704 100 0 0.0 0.0 0.0 
20456942 101 0 0.0 0.0 0.0 
20474647 102 0 0.0 0.0 0.0 
20487146 103 0 0.0 0.0 0.0 
20755890 117 0 0.0 0.0 0.0 
18208178 118 0 0.0 0.0 0.0 
18230283 120 0 0.0 0.0 0.0 
14164096 138 0 0.0 0.0 0.0 
14175622 139 0 0.0 0.0 0.0 
14359554 155 0 0.0 0.0 0.0 
14371824 156 0 0.0 0.0 0.0 
14395655 158 0 0.0 0.0 0.0 
14534192 172 0 0.0 0.0 0.0 
21730535 4 0 0.0 0.0 0.0 
21986361 6 0 0.0 0.0 0.0 
20163968 11 0 0.0 0.0 0.0 
20574261 13 0 0.0 0.0 0.0 
20845348 15 0 0.0 0.0 0.0 
21019891 20 0 0.0 0.0 0.0 
18601016 22 0 0.0 50.0 0.0 
18680975 24 0 0.0 0.0 0.0 
18816264 29 0 0.0 0.0 0.0 
18873061 31 0 0.0 0.0 0.0 
19076566 38 0 0.0 0.0 0.0 
19128179 40 0 0.0 0.0 0.0 
19299050 45 0 0.0 0.0 0.0 
19331309 47 0 0.0 0.0 0.0 
19380932 49 0 0.0 0.0 0.0 
19488332 54 0 0.0 0.0 0.0 
19521426 56 0 0.0 0.0 0.0 
19784479 63 0 0.0 0.0 0.0 
19814705 65 0 0.0 0.0 0.0 
19927838 72 0 0.0 0.0 0.0 
20025451 79 0 0.0 0.0 0.0 
20058967 81 0 0.0 0.0 0.0 
20294914 88 0 0.0 0.0 0.0 
20324216 90 0 0.0 0.0 0.0 
20374369 95 0 0.0 0.0 0.0 
20398653 97 0 0.0 0.0 -50.0 
20429477 99 0 0.0 0.0 0.0 
20504298 104 0 0.0 0.0 0.0 
20629167 106 0 0.0 0.0 0.0 
20724973 113 0 0.0 0.0 0.0 
20742138 115 0 0.0 0.0 0.0 
18253968 122 0 0.0 0.0 0.0 
14132544 135 0 0.0 0.0 0.0 
14151096 137 0 0.0 0.0 0.0 
14216102 142 0 0.0 0.0 50.0 
14240975 144 0 0.0 0.0 0.0 
14266205 146 0 0.0 0.0 0.0 
14338940 153 0 0.0 0.0 0.0 
14418320 160 0 0.0 0.0 0.0 
14436222 162 0 0.0 0.0 0.0 
14570466 176 0 0.0 0.0 0.0 
14593753 178 0 0.0 0.0 0.0 
