1397598 8 0 0.0 0.0 0.0 
1437151 9 0 0.0 0.0 0.0 
1454018 10 0 0.0 0.0 0.0 
1752298 25 0 0.0 12.5 0.0 
1757806 26 0 0.0 0.0 0.0 
726306 27 0 0.0 0.0 0.0 
1273111 4 0 0.0 0.0 0.0 
1343568 6 0 -12.5 0.0 0.0 
1488352 11 0 0.0 0.0 0.0 
1540783 13 0 0.0 0.0 0.0 
1567250 15 0 0.0 0.0 0.0 
1662409 20 0 0.0 0.0 0.0 
1696892 22 0 0.0 0.0 0.0 
1735143 24 0 0.0 0.0 0.0 
1785362 29 0 0.0 0.0 12.5 
737885 31 0 0.0 0.0 0.0 
1318041 5 0 0.0 0.0 0.0 
1378064 7 0 0.0 0.0 0.0 
1515368 12 0 0.0 0.0 0.0 
1557597 14 0 0.0 0.0 0.0 
1681524 21 0 0.0 0.0 0.0 
1720071 23 0 0.0 0.0 0.0 
1772612 28 0 0.0 0.0 0.0 
1797050 30 0 0.0 0.0 0.0 
1809568 1 0 -12.5 0.0 0.0 
1185365 2 0 0.0 0.0 0.0 
1230232 3 0 0.0 12.5 0.0 
1593757 16 0 0.0 0.0 0.0 
1608845 17 0 0.0 0.0 0.0 
1623194 18 0 0.0 0.0 0.0 
1642717 19 0 0.0 0.0 0.0 
746518 32 0 0.0 0.0 0.0 
763033 34 0 0.0 0.0 0.0 
770934 35 0 0.0 0.0 0.0 
780704 36 0 0.0 0.0 0.0 
