0 211 
1 215 
2 186 
3 0 
4 346 
5 41 
6 0 
7 10 
8 34 
9 5 
10 30 
11 25 
12 20 
13 0 
14 13 
15 23 
16 22 
17 19 
18 18 
19 14 
20 11 
21 0 
22 18 
23 9 
24 13 
25 16 
26 12 
27 13 
28 13 
29 10 
30 5 
31 10 
32 13 
33 7 
34 0 
35 4 
36 7 
37 10 
38 6 
39 6 
40 8 
41 215 
42 9 
43 62 
44 56 
45 167 
46 49 
47 33 
48 34 
49 20 
50 30 
51 22 
52 20 
53 15 
54 21 
55 19 
56 21 
57 29 
58 23 
59 19 
60 0 
61 19 
62 19 
63 17 
64 18 
65 13 
66 13 
67 9 
68 13 
69 13 
70 14 
71 8 
72 5 
73 7 
74 10 
75 7 
76 7 
77 3 
78 6 
79 6 
80 6 
81 10 
82 3 
83 11 
84 9 
85 57 
86 95 
87 56 
88 0 
89 226 
90 41 
91 0 
92 30 
93 17 
94 18 
95 43 
96 2 
97 19 
98 21 
99 18 
100 13 
101 28 
102 18 
103 17 
104 18 
105 17 
106 0 
107 9 
108 9 
109 12 
110 10 
111 13 
112 13 
113 8 
114 14 
115 6 
116 10 
117 5 
118 14 
119 10 
120 9 
121 4 
122 6 
123 6 
124 6 
125 211 
126 95 
127 99 
128 80 
129 7 
130 343 
131 0 
132 20 
133 17 
134 21 
135 15 
136 2 
137 20 
138 29 
139 23 
140 29 
141 13 
142 23 
143 28 
144 0 
145 11 
146 18 
147 11 
148 17 
149 14 
150 10 
151 13 
152 12 
153 14 
154 13 
155 13 
156 10 
157 6 
158 10 
159 10 
160 4 
161 13 
162 9 
163 4 
164 6 
165 8 
166 4 
