21109760 1 0 0.0 0.0 0.0 245
21379521 2 0 0.0 0.0 0.0 384
21573586 3 0 0.0 0.0 0.0 242
20867355 16 0 0.0 0.0 -50.0 47
20915734 17 0 0.0 0.0 -50.0 37
20943532 18 0 0.0 0.0 0.0 61
20995479 19 0 0.0 0.0 0.0 49
18893253 32 0 0.0 0.0 0.0 30
18927202 33 0 0.0 0.0 0.0 33
18961506 34 0 0.0 0.0 0.0 21
18996096 35 0 0.0 0.0 0.0 27
19020656 36 0 0.0 0.0 0.0 35
19402355 50 0 0.0 0.0 0.0 20
19419622 51 0 0.0 0.0 0.0 28
19446998 52 0 0.0 0.0 0.0 35
19462908 53 0 0.0 0.0 0.0 26
19835441 66 0 0.0 0.0 0.0 13
19845187 67 0 0.0 0.0 0.0 19
19862361 68 0 0.0 0.0 0.0 20
19879649 69 0 0.0 0.0 0.0 14
19891777 70 0 0.0 0.0 0.0 18
20089287 83 0 0.0 0.0 0.0 13
20225920 84 0 0.0 0.0 0.0 13
20242621 85 0 0.0 0.0 0.0 15
20259284 86 0 0.0 0.0 0.0 15
20440704 100 0 0.0 0.0 0.0 14
20456942 101 0 0.0 0.0 0.0 7
20474647 102 0 0.0 0.0 0.0 15
20487146 103 0 0.0 0.0 0.0 7
20755890 117 0 0.0 0.0 0.0 11
18208178 118 0 0.0 0.0 0.0 10
18230283 120 0 0.0 0.0 0.0 14
14164096 138 0 0.0 0.0 0.0 12
14175622 139 0 0.0 0.0 0.0 13
14359554 155 0 0.0 0.0 0.0 6
14371824 156 0 0.0 0.0 0.0 3
14395655 158 0 0.0 0.0 0.0 11
14534192 172 0 0.0 0.0 0.0 9
21924775 5 0 0.0 0.0 0.0 156
19182761 7 0 0.0 0.0 0.0 114
20532194 12 0 0.0 0.0 0.0 73
20823324 14 0 0.0 0.0 0.0 65
21059562 21 0 0.0 0.0 0.0 46
18644986 23 0 0.0 0.0 0.0 36
18781589 28 0 0.0 0.0 0.0 10
18849992 30 0 0.0 0.0 0.0 37
19054212 37 0 0.0 0.0 0.0 21
19104572 39 0 0.0 0.0 0.0 22
19316800 46 0 -50.0 0.0 0.0 18
19354332 48 0 0.0 0.0 0.0 25
19507560 55 0 0.0 50.0 0.0 18
19615774 62 0 0.0 0.0 0.0 19
19800923 64 0 0.0 0.0 0.0 20
19915810 71 0 0.0 0.0 0.0 13
19943794 73 0 0.0 0.0 0.0 20
20009128 78 0 0.0 0.0 0.0 14
20043745 80 0 0.0 0.0 0.0 22
20069906 82 0 0.0 0.0 0.0 11
20278392 87 0 50.0 0.0 0.0 14
20309019 89 0 0.0 0.0 0.0 14
20390999 96 0 0.0 0.0 0.0 19
20414028 98 0 0.0 0.0 0.0 17
20519791 105 0 0.0 0.0 0.0 10
20710010 112 0 0.0 0.0 50.0 12
17951736 114 0 0.0 0.0 0.0 15
18197883 116 0 0.0 0.0 0.0 15
18240264 121 0 0.0 0.0 0.0 13
20770175 123 0 0.0 0.0 0.0 5
14021165 128 0 0.0 0.0 0.0 13
20809088 129 0 0.0 0.0 0.0 6
14120120 134 0 0.0 0.0 0.0 11
14143265 136 0 0.0 0.0 0.0 11
14227199 143 0 0.0 0.0 0.0 4
14254226 145 0 0.0 0.0 0.0 13
14329684 152 0 0.0 0.0 50.0 7
14407360 159 0 0.0 0.0 0.0 12
14427786 161 0 0.0 0.0 0.0 11
14449267 163 0 0.0 0.0 0.0 8
14582104 177 0 0.0 0.0 0.0 4
21730535 4 0 0.0 0.0 0.0 245
21986361 6 0 0.0 0.0 0.0 149
20163968 11 0 0.0 0.0 0.0 62
20574261 13 0 0.0 0.0 0.0 60
20845348 15 0 0.0 0.0 0.0 58
21019891 20 0 0.0 0.0 0.0 69
18601016 22 0 0.0 50.0 0.0 38
18680975 24 0 0.0 0.0 0.0 33
18816264 29 0 0.0 0.0 0.0 34
18873061 31 0 0.0 0.0 0.0 27
19076566 38 0 0.0 0.0 0.0 33
19128179 40 0 0.0 0.0 0.0 38
19299050 45 0 0.0 0.0 0.0 20
19331309 47 0 0.0 0.0 0.0 30
19380932 49 0 0.0 0.0 0.0 24
19488332 54 0 -50.0 0.0 0.0 31
19521426 56 0 0.0 0.0 0.0 22
19784479 63 0 0.0 0.0 0.0 26
19814705 65 0 0.0 0.0 0.0 18
19927838 72 0 0.0 0.0 0.0 10
20025451 79 0 0.0 0.0 0.0 15
20058967 81 0 0.0 0.0 0.0 15
20294914 88 0 0.0 0.0 0.0 16
20324216 90 0 0.0 0.0 0.0 11
20374369 95 0 0.0 0.0 0.0 10
20398653 97 0 0.0 0.0 -50.0 6
20429477 99 0 0.0 0.0 0.0 13
20504298 104 0 0.0 0.0 0.0 14
20629167 106 0 0.0 0.0 0.0 17
20724973 113 0 0.0 0.0 0.0 13
20742138 115 0 0.0 0.0 0.0 13
18253968 122 0 0.0 0.0 0.0 11
14132544 135 0 0.0 0.0 0.0 14
14151096 137 0 0.0 0.0 0.0 9
14216102 142 0 0.0 0.0 50.0 12
14240975 144 0 0.0 0.0 0.0 6
14266205 146 0 0.0 0.0 0.0 6
14338940 153 0 0.0 0.0 0.0 10
14418320 160 0 0.0 0.0 0.0 6
14436222 162 0 0.0 0.0 0.0 9
14570466 176 0 0.0 0.0 0.0 10
14593753 178 0 0.0 0.0 0.0 7
19634929 8 0 0.0 0.0 0.0 68
19701409 9 0 0.0 0.0 0.0 99
20099625 10 0 0.0 0.0 0.0 105
18719249 25 0 0.0 0.0 50.0 34
18737995 26 0 0.0 0.0 0.0 38
18758770 27 0 0.0 0.0 0.0 22
19151261 41 0 0.0 0.0 0.0 17
19250447 42 0 0.0 0.0 0.0 22
19279479 43 0 0.0 0.0 0.0 17
19291687 44 0 0.0 0.0 0.0 24
19534448 57 0 0.0 0.0 0.0 18
17574678 58 0 0.0 0.0 0.0 25
19556663 59 0 0.0 0.0 0.0 39
19575152 60 0 0.0 0.0 0.0 26
19595681 61 0 0.0 0.0 0.0 18
19955964 74 0 0.0 0.0 0.0 14
17891603 75 0 -50.0 0.0 0.0 19
19975481 76 0 0.0 50.0 0.0 17
19987957 77 0 0.0 0.0 0.0 21
17923940 91 0 0.0 0.0 0.0 15
20339743 92 0 0.0 0.0 0.0 18
17937667 93 0 0.0 0.0 0.0 18
20359745 94 0 0.0 0.0 0.0 9
20640561 107 0 0.0 0.0 0.0 9
20655128 108 0 0.0 0.0 0.0 9
20670327 109 0 0.0 0.0 0.0 14
20683856 110 0 0.0 0.0 0.0 13
20695119 111 0 0.0 0.0 0.0 17
20782068 124 0 0.0 0.0 0.0 10
13995967 125 0 0.0 0.0 0.0 16
20796004 126 0 0.0 0.0 0.0 9
14007135 127 0 0.0 0.0 0.0 11
14047307 131 0 0.0 0.0 0.0 13
14071649 133 0 0.0 0.0 0.0 8
14289610 148 0 0.0 0.0 0.0 9
14295496 149 0 0.0 0.0 0.0 3
14308491 150 0 0.0 0.0 0.0 8
14459773 164 0 0.0 0.0 0.0 8
14487345 167 0 0.0 0.0 0.0 7
14774113 199 0 0.0 0.0 -50.0 2
