0 17 
1 8 
2 2 
3 2 
4 2 
5 7 
6 3 
7 2 
8 3 
9 3 
10 2 
11 4 
12 2 
13 2 
14 4 
15 4 
16 2 
17 5 
18 2 
19 3 
20 2 
21 3 
22 2 
23 4 
24 3 
25 0 
26 2 
27 4 
28 2 
29 2 
30 2 
31 0 
32 0 
33 2 
34 0 
35 0 
0 17 
1 8 
2 2 
3 2 
4 2 
5 7 
6 3 
0 17 
1 8 
2 2 
0 17 
1 8 
2 2 
3 2 
0 17 
1 8 
0 17 
1 8 
2 2 
3 2 
4 2 
5 7 
6 3 
7 2 
8 3 
9 3 
10 2 
0 17 
1 8 
2 2 
3 2 
4 2 
0 17 
1 8 
2 2 
0 17 
1 8 
2 2 
0 17 
0 17 
1 8 
2 2 
3 2 
4 2 
5 7 
6 3 
7 2 
8 3 
9 3 
0 17 
1 8 
2 2 
3 2 
4 2 
5 7 
6 3 
0 17 
1 8 
2 2 
3 2 
4 2 
5 7 
6 3 
7 2 
8 3 
9 3 
10 2 
11 4 
12 2 
13 2 
14 4 
15 4 
16 2 
17 5 
18 2 
19 3 
20 2 
21 3 
22 2 
23 4 
24 3 
25 0 
26 2 
27 4 
