20574261 16 59634740101120.0 2957488896.0 6.25737039722063 8.730398839180227 0.0
19987957 5 20297916874752.0 1889515392.0 6.440557689217638 9.82952259116227 0.0
18601016 17 48697857540096.0 3072841728.0 6.440557689217638 7.808852050185638 0.0
18644986 9 43793390764032.0 1350594432.0 5.707808521229608 7.901875166404848 0.0
19987957 17 20297916874752.0 6635884032.0 6.074183105223622 9.737928945163768 0.0
20845348 22 56496905781248.0 1119517696.0 6.25737039722063 9.576291258350635 0.0
18893253 11 35114983620608.0 1081551872.0 5.982589459225119 7.808852050185638 0.0
19151261 0 30290437210112.0 1292204672.0 6.25737039722063 9.762337490789054 0.0
19575152 8 22060380192768.0 1616105600.0 6.25737039722063 9.737928945163768 0.0
20845348 53 56496905781248.0 3983664640.0 6.074183105223622 6.971644004212744 0.0
20943532 8 57640407269376.0 1400104192.0 6.25737039722063 8.51699780610579 0.0
21019891 25 48698109198336.0 5297705984.0 6.165776751222126 9.855360607008265 0.0
19462908 20 26028523126784.0 3394112000.0 5.982589459225119 13.768049369097927 6.729767351026927e-12
19556663 4 21460487766016.0 1545496704.0 5.57629726092459 13.7623314882151 0.0
18758770 3 36933812092928.0 8825674752.0 5.616214875231105 13.951236661094933 3.5453263588780537e-12
20845348 12 56496905781248.0 3508809472.0 6.25737039722063 14.04140083687273 0.0
20915734 10 49831963787264.0 6178288640.0 5.799402167228112 13.951236661094933 5.611064998051196e-12
19250447 6 30449879482368.0 3372094976.0 5.707808521229608 13.493268431102416 0.0
