19488332 28 26163885899776.0 1012669568.0 3.3263737252685135 6.532151335216141 0.0
19419622 26 25933354369024.0 1202831488.0 3.3263737252685135 4.832112331170907 0.0
19419622 27 25933354369024.0 1103413888.0 3.6011546632640243 6.413505306897482 0.0
20574261 28 59634740101120.0 1156372480.0 3.1431864332715063 6.440557689217638 0.0
21019891 68 48698109198336.0 1695694080.0 3.6011546632640243 6.413505306897482 0.0
21059562 45 50846679171072.0 1397621760.0 3.6011546632640243 6.25737039722063 0.0
18644986 13 43793390764032.0 3456880640.0 3.8088580527595934 7.157690236651165 0.0
18680975 28 42640506617856.0 4371196416.0 3.23478007927001 5.7623434933630096 0.0
19054212 7 24460486770688.0 1175870720.0 3.7843419552610316 7.064667120431955 0.0
20943532 26 57640407269376.0 2203822336.0 3.6011546632640243 5.989156039962023 0.0
19104572 18 29550647967744.0 3972070912.0 3.6011546632640243 5.7623434933630096 0.0
18737995 14 41446207913984.0 1672006272.0 3.1431864332715063 11.936176449127855 0.0
19784479 24 22922173349888.0 2940709888.0 3.7843419552610316 12.57733197111738 0.0
19419622 10 25933354369024.0 1023268096.0 3.967529247258039 12.273961628707735 0.0
19446998 19 26293955461120.0 1111213824.0 3.932520514476365 12.494832329028725 0.0
20823324 24 47420545171456.0 3362367488.0 3.841432090917297 12.57733197111738 0.0
19891777 14 21755227799552.0 1132407680.0 3.3263737252685135 12.57733197111738 0.0
20915734 6 49831963787264.0 7619179008.0 3.7843419552610316 12.485738325118875 0.0
19615774 6 23219557892096.0 5007483392.0 3.2737960429823034 13.59139255758646 2.4393269522360317e-13
