20867355 0 1.084489948557466 62066958270464.0 3672689408.0 6.440557689217638 12.119363741124861 0.0 3706401280.0 575137.8339418948 51904184844288.0
20867355 3 0.4602942799257313 62066958270464.0 30844196864.0 5.982589459225119 9.646335299165264 0.0 34761539584.0 1123126.960548509 43388233580544.0
20867355 4 0.3822139099034493 62066958270464.0 24864364544.0 4.517091123249061 11.661395511132342 0.0 29476902912.0 654543.2642649161 35623633158144.0
20867355 5 0.6216187918778063 62066958270464.0 17170930688.0 3.875935601259535 8.455617901184716 0.0 25039151104.0 605680.3177914771 27112341766144.0
20867355 7 0.5558288809472094 62066958270464.0 18740301824.0 3.1431864332715063 5.524621229232601 0.0 30009028608.0 551740.7860313365 27112341766144.0
20867355 9 0.4462593419432395 62066958270464.0 14940154880.0 3.417967371267017 6.532151335216141 0.0 41046274048.0 109397.46515270928 27112341766144.0
20867355 10 0.6480398252195991 62066958270464.0 4024188160.0 7.997649671192199 12.485738325118875 0.0 4155168768.0 793928.5647117498 58239370657792.0
20867355 11 0.8804952762443037 62066958270464.0 1488275712.0 5.890995813226615 11.386614573136832 0.0 1527145984.0 536574.2910969654 58239370657792.0
20867355 13 0.5022777581447204 62066958270464.0 3582943744.0 4.570139479389838 10.379084467153293 0.0 3713020672.0 556895.3968007118 31529461874688.0
20867355 14 0.46485134283093615 62066958270464.0 7363332608.0 3.967529247258039 10.195897175156285 0.0 8500395520.0 338325.56563867745 27112341766144.0
20867355 15 0.4177591344003148 62066958270464.0 5717848576.0 5.4330275832340975 11.203427281139826 0.0 6020287488.0 630197.0840726283 43388233580544.0
20867355 17 0.6107936328341381 62066958270464.0 5208687616.0 5.890995813226615 9.737928945163768 0.0 5636456960.0 862172.0281582074 35623633158144.0
20867355 18 0.5516102331443267 62066958270464.0 3928469760.0 4.425497477250557 9.646335299165264 0.0 4496268800.0 810530.0851338627 31529461874688.0
20867355 19 0.5823396297548012 62066958270464.0 1658058112.0 7.081713211207163 13.768049369097927 0.0 1658058112.0 852927.0100308588 54950189072384.0
20867355 20 0.33033462961283455 62066958270464.0 3179960832.0 4.517091123249061 8.638805193181723 0.0 3776296704.0 761465.401376741 35623633158144.0
20867355 21 0.6002813758614234 62066958270464.0 1665783936.0 4.990304854366866 8.638805193181723 0.0 1815640832.0 805801.4592467966 43388233580544.0
20867355 22 0.5914110024085402 62066958270464.0 1241462144.0 3.7843419552610316 6.898525919210155 0.0 1599202816.0 728178.8218482726 27112341766144.0
20867355 23 0.24264199415778942 62066958270464.0 1213329024.0 3.1431864332715063 5.890995813226615 0.0 1434097792.0 949899.8542319508 27112341766144.0
20867355 24 0.5831908993668606 62066958270464.0 1862296064.0 6.715338627213148 9.737928945163768 0.0 1903846400.0 1258268.988668371 51904184844288.0
20867355 29 0.5901385091226646 62066958270464.0 44982607872.0 8.364024255186212 10.012709883159278 0.0 48102756352.0 976454.931380392 58239370657792.0
20867355 30 0.4372216486646735 62066958270464.0 75056668672.0 5.616214875231105 10.470678113151797 0.0 90472087552.0 661770.2329256879 51904184844288.0
20867355 33 0.404856214154109 62066958270464.0 36227805184.0 5.707808521229608 9.737928945163768 0.0 42128056320.0 1133994.2570450427 43388233580544.0
20867355 41 0.43777118723368535 62066958270464.0 3446959872.0 5.158246645238586 8.455617901184716 0.0 39659134976.0 566861.2582419843 43388233580544.0
20867355 42 0.48600825824448685 62066958270464.0 1557875712.0 5.936465832775853 9.737928945163768 0.0 1860420352.0 536413.6547757275 51904184844288.0
20867355 43 0.405492224096629 62066958270464.0 1128867328.0 4.6086847692475645 7.9060560251936955 0.0 1458600064.0 710749.3207445266 31529461874688.0
20867355 44 0.3640191243199561 62066958270464.0 1107037184.0 4.700278415246069 7.448087795201177 0.0 1389449216.0 959556.5614043036 35623633158144.0
20867355 45 0.4574455671188426 62066958270464.0 1552502400.0 5.524621229232601 8.638805193181723 0.0 2691010048.0 780040.6525741636 43388233580544.0
20867355 46 0.3019337050820018 62066958270464.0 1252723200.0 3.417967371267017 6.532151335216141 0.0 2703464448.0 924059.6710847802 27112341766144.0
20915734 1 0.18428507912388786 49831963787264.0 16824078336.0 8.913586131177235 10.470678113151797 0.0 24097890304.0 781586.65055303 31953078190080.0
20915734 5 0.6042135431520312 49831963787264.0 6113080320.0 8.54721154718322 13.676455723099423 3.7901400767870186e-12 6205707776.0 641122.0744896003 39131765800960.0
20915734 6 0.15076766303709085 49831963787264.0 7619179008.0 3.7843419552610316 12.485738325118875 0.0 7726025728.0 250599.2957598865 13180328738816.0
20915734 7 0.17129602774883046 49831963787264.0 9065060352.0 3.7843419552610316 11.386614573136832 0.0 12275555328.0 974696.2090643542 12128231620608.0
20915734 8 0.40603608443282374 49831963787264.0 4647528448.0 4.883465707243076 12.485738325118875 0.0 4695564800.0 509960.42103826464 14587720105984.0
20915734 10 0.44740412695426934 49831963787264.0 6178288640.0 5.799402167228112 13.951236661094933 5.611064998051196e-12 7243811328.0 467715.7250933223 14587720105984.0
20915734 11 0.1796432697225732 49831963787264.0 3490821376.0 2.8684054952759954 9.005179777175737 0.0 4522403840.0 624727.5184766019 61456900096.0
20915734 12 0.5161119025561504 49831963787264.0 1555084544.0 8.913586131177235 9.188367069172745 0.0 1667733632.0 1016839.5541167934 31953078190080.0
20915734 13 0.40619715911794235 49831963787264.0 1587598464.0 5.982589459225119 11.661395511132342 0.0 1726234752.0 501491.1826322302 10277806407680.0
20915734 14 0.1978530780176775 49831963787264.0 1656193792.0 2.502030911281981 8.27243060918771 0.0 1912312448.0 329708.27896923665 189945331712.0
20915734 16 0.6331238916488134 49831963787264.0 1036705984.0 8.93482681852278 11.386614573136832 0.0 1110326144.0 1180396.079286756 39131765800960.0
20915734 22 0.603934259115984 49831963787264.0 17290074112.0 8.82199248517873 12.760519263114388 0.0 17512626176.0 684389.0722155119 44085909913600.0
20915734 29 0.0940748123208401 49831963787264.0 5092483584.0 8.576233912690425 9.463148007168256 0.0 12540948480.0 51779.62073646672 44085909913600.0
20915734 32 0.44222300901565204 49831963787264.0 2460134144.0 2.8684054952759954 7.722868733196688 0.0 4765697536.0 220208.92445681826 61456900096.0
20915734 33 0.537639942223368 49831963787264.0 2099599232.0 2.685218203278988 8.180836963189206 0.0 4046006016.0 213013.38277708553 61456900096.0
20915734 34 0.4895904980363983 49831963787264.0 3256326400.0 3.6011546632640243 11.56980186513384 0.0 34176241664.0 179362.77789140545 11493167857664.0
20915734 35 0.22468777301433404 49831963787264.0 1204180480.0 2.3188436192849737 7.539681441199681 0.0 2954329344.0 439061.6117035507 135274971136.0
20943532 3 0.2853144808562701 57640407269376.0 1264030336.0 7.173306857205667 10.670344495783814 0.0 1348025344.0 1000860.2229106915 57480453292032.0
20943532 4 0.4929604775961553 57640407269376.0 2821341696.0 7.081713211207163 11.606582186948174 0.0 2923743232.0 1222591.3654941826 56409664258048.0
20943532 6 0.4614074961419139 57640407269376.0 1133207424.0 7.576057456839071 10.576720726667379 0.0 1196611328.0 733015.6698796204 56409664258048.0
20943532 8 0.5799065754524677 57640407269376.0 1400104192.0 6.25737039722063 8.51699780610579 0.0 1477375616.0 1573725.6272298107 52020807467008.0
20943532 9 0.3869806076953714 57640407269376.0 1112496256.0 7.239591137857708 10.483096957550943 0.0 1186398464.0 984691.973586333 57480453292032.0
20943532 10 0.550644096929241 57640407269376.0 1024022592.0 6.348964043219134 10.202225650201635 0.0 1085204736.0 1297605.039089837 57480453292032.0
20867355 0 1.084489948557466 62066958270464.0 3672689408.0 6.440557689217638 12.119363741124861 0.0 3706401280.0 575137.8339418948 51904184844288.0
20867355 3 0.4602942799257313 62066958270464.0 30844196864.0 5.982589459225119 9.646335299165264 0.0 34761539584.0 1123126.960548509 43388233580544.0
20867355 4 0.3822139099034493 62066958270464.0 24864364544.0 4.517091123249061 11.661395511132342 0.0 29476902912.0 654543.2642649161 35623633158144.0
20867355 5 0.6216187918778063 62066958270464.0 17170930688.0 3.875935601259535 8.455617901184716 0.0 25039151104.0 605680.3177914771 27112341766144.0
20867355 7 0.5558288809472094 62066958270464.0 18740301824.0 3.1431864332715063 5.524621229232601 0.0 30009028608.0 551740.7860313365 27112341766144.0
20867355 9 0.4462593419432395 62066958270464.0 14940154880.0 3.417967371267017 6.532151335216141 0.0 41046274048.0 109397.46515270928 27112341766144.0
20867355 10 0.6480398252195991 62066958270464.0 4024188160.0 7.997649671192199 12.485738325118875 0.0 4155168768.0 793928.5647117498 58239370657792.0
20867355 11 0.8804952762443037 62066958270464.0 1488275712.0 5.890995813226615 11.386614573136832 0.0 1527145984.0 536574.2910969654 58239370657792.0
20867355 13 0.5022777581447204 62066958270464.0 3582943744.0 4.570139479389838 10.379084467153293 0.0 3713020672.0 556895.3968007118 31529461874688.0
20867355 14 0.46485134283093615 62066958270464.0 7363332608.0 3.967529247258039 10.195897175156285 0.0 8500395520.0 338325.56563867745 27112341766144.0
20867355 15 0.4177591344003148 62066958270464.0 5717848576.0 5.4330275832340975 11.203427281139826 0.0 6020287488.0 630197.0840726283 43388233580544.0
20867355 17 0.6107936328341381 62066958270464.0 5208687616.0 5.890995813226615 9.737928945163768 0.0 5636456960.0 862172.0281582074 35623633158144.0
20867355 18 0.5516102331443267 62066958270464.0 3928469760.0 4.425497477250557 9.646335299165264 0.0 4496268800.0 810530.0851338627 31529461874688.0
20867355 19 0.5823396297548012 62066958270464.0 1658058112.0 7.081713211207163 13.768049369097927 0.0 1658058112.0 852927.0100308588 54950189072384.0
20867355 20 0.33033462961283455 62066958270464.0 3179960832.0 4.517091123249061 8.638805193181723 0.0 3776296704.0 761465.401376741 35623633158144.0
20867355 21 0.6002813758614234 62066958270464.0 1665783936.0 4.990304854366866 8.638805193181723 0.0 1815640832.0 805801.4592467966 43388233580544.0
20867355 22 0.5914110024085402 62066958270464.0 1241462144.0 3.7843419552610316 6.898525919210155 0.0 1599202816.0 728178.8218482726 27112341766144.0
20867355 23 0.24264199415778942 62066958270464.0 1213329024.0 3.1431864332715063 5.890995813226615 0.0 1434097792.0 949899.8542319508 27112341766144.0
20867355 24 0.5831908993668606 62066958270464.0 1862296064.0 6.715338627213148 9.737928945163768 0.0 1903846400.0 1258268.988668371 51904184844288.0
20867355 29 0.5901385091226646 62066958270464.0 44982607872.0 8.364024255186212 10.012709883159278 0.0 48102756352.0 976454.931380392 58239370657792.0
20867355 30 0.4372216486646735 62066958270464.0 75056668672.0 5.616214875231105 10.470678113151797 0.0 90472087552.0 661770.2329256879 51904184844288.0
20867355 33 0.404856214154109 62066958270464.0 36227805184.0 5.707808521229608 9.737928945163768 0.0 42128056320.0 1133994.2570450427 43388233580544.0
20867355 41 0.43777118723368535 62066958270464.0 3446959872.0 5.158246645238586 8.455617901184716 0.0 39659134976.0 566861.2582419843 43388233580544.0
20867355 42 0.48600825824448685 62066958270464.0 1557875712.0 5.936465832775853 9.737928945163768 0.0 1860420352.0 536413.6547757275 51904184844288.0
20867355 43 0.405492224096629 62066958270464.0 1128867328.0 4.6086847692475645 7.9060560251936955 0.0 1458600064.0 710749.3207445266 31529461874688.0
20867355 44 0.3640191243199561 62066958270464.0 1107037184.0 4.700278415246069 7.448087795201177 0.0 1389449216.0 959556.5614043036 35623633158144.0
20867355 45 0.4574455671188426 62066958270464.0 1552502400.0 5.524621229232601 8.638805193181723 0.0 2691010048.0 780040.6525741636 43388233580544.0
20867355 46 0.3019337050820018 62066958270464.0 1252723200.0 3.417967371267017 6.532151335216141 0.0 2703464448.0 924059.6710847802 27112341766144.0
20915734 1 0.18428507912388786 49831963787264.0 16824078336.0 8.913586131177235 10.470678113151797 0.0 24097890304.0 781586.65055303 31953078190080.0
20915734 5 0.6042135431520312 49831963787264.0 6113080320.0 8.54721154718322 13.676455723099423 3.7901400767870186e-12 6205707776.0 641122.0744896003 39131765800960.0
20915734 6 0.15076766303709085 49831963787264.0 7619179008.0 3.7843419552610316 12.485738325118875 0.0 7726025728.0 250599.2957598865 13180328738816.0
20915734 7 0.17129602774883046 49831963787264.0 9065060352.0 3.7843419552610316 11.386614573136832 0.0 12275555328.0 974696.2090643542 12128231620608.0
20915734 8 0.40603608443282374 49831963787264.0 4647528448.0 4.883465707243076 12.485738325118875 0.0 4695564800.0 509960.42103826464 14587720105984.0
20915734 10 0.44740412695426934 49831963787264.0 6178288640.0 5.799402167228112 13.951236661094933 5.611064998051196e-12 7243811328.0 467715.7250933223 14587720105984.0
20915734 11 0.1796432697225732 49831963787264.0 3490821376.0 2.8684054952759954 9.005179777175737 0.0 4522403840.0 624727.5184766019 61456900096.0
20915734 12 0.5161119025561504 49831963787264.0 1555084544.0 8.913586131177235 9.188367069172745 0.0 1667733632.0 1016839.5541167934 31953078190080.0
20915734 13 0.40619715911794235 49831963787264.0 1587598464.0 5.982589459225119 11.661395511132342 0.0 1726234752.0 501491.1826322302 10277806407680.0
20915734 14 0.1978530780176775 49831963787264.0 1656193792.0 2.502030911281981 8.27243060918771 0.0 1912312448.0 329708.27896923665 189945331712.0
20915734 16 0.6331238916488134 49831963787264.0 1036705984.0 8.93482681852278 11.386614573136832 0.0 1110326144.0 1180396.079286756 39131765800960.0
20915734 22 0.603934259115984 49831963787264.0 17290074112.0 8.82199248517873 12.760519263114388 0.0 17512626176.0 684389.0722155119 44085909913600.0
20915734 29 0.0940748123208401 49831963787264.0 5092483584.0 8.576233912690425 9.463148007168256 0.0 12540948480.0 51779.62073646672 44085909913600.0
20915734 32 0.44222300901565204 49831963787264.0 2460134144.0 2.8684054952759954 7.722868733196688 0.0 4765697536.0 220208.92445681826 61456900096.0
20915734 33 0.537639942223368 49831963787264.0 2099599232.0 2.685218203278988 8.180836963189206 0.0 4046006016.0 213013.38277708553 61456900096.0
20915734 34 0.4895904980363983 49831963787264.0 3256326400.0 3.6011546632640243 11.56980186513384 0.0 34176241664.0 179362.77789140545 11493167857664.0
20915734 35 0.22468777301433404 49831963787264.0 1204180480.0 2.3188436192849737 7.539681441199681 0.0 2954329344.0 439061.6117035507 135274971136.0
20943532 3 0.2853144808562701 57640407269376.0 1264030336.0 7.173306857205667 10.670344495783814 0.0 1348025344.0 1000860.2229106915 57480453292032.0
20943532 4 0.4929604775961553 57640407269376.0 2821341696.0 7.081713211207163 11.606582186948174 0.0 2923743232.0 1222591.3654941826 56409664258048.0
20943532 6 0.4614074961419139 57640407269376.0 1133207424.0 7.576057456839071 10.576720726667379 0.0 1196611328.0 733015.6698796204 56409664258048.0
20943532 8 0.5799065754524677 57640407269376.0 1400104192.0 6.25737039722063 8.51699780610579 0.0 1477375616.0 1573725.6272298107 52020807467008.0
20943532 9 0.3869806076953714 57640407269376.0 1112496256.0 7.239591137857708 10.483096957550943 0.0 1186398464.0 984691.973586333 57480453292032.0
20943532 10 0.550644096929241 57640407269376.0 1024022592.0 6.348964043219134 10.202225650201635 0.0 1085204736.0 1297605.039089837 57480453292032.0
