0 0 1000000000000.0 19934846976.0 7.722868733196688 11.901869163830893 7.306053331768148e-12 
0 1 1000000000000.0 13363609600.0 7.081713211207163 14.134423953091941 1.7996392570607256e-11 
0 2 1000000000000.0 6442345472.0 7.2560262766891706 14.134423953091941 1.0317548898575168e-11 
0 3 1000000000000.0 4722628096.0 9.82952259116227 14.134423953091941 2.0735082054135212e-11 
0 4 1000000000000.0 10027814912.0 6.25737039722063 9.576291258350635 0.0 
0 5 1000000000000.0 1579259520.0 9.383067950813224 14.134423953091941 7.422492481756748e-11 
0 6 1000000000000.0 1637083392.0 11.295020927138328 14.134423953091941 5.4583195602253554e-11 
0 7 1000000000000.0 1777997952.0 9.55474165316676 12.57733197111738 0.0 
0 8 1000000000000.0 1055583360.0 7.9060560251936955 8.638805193181723 0.0 
0 9 1000000000000.0 1784277888.0 6.348964043219134 12.302551033121869 0.0 
0 10 1000000000000.0 21468710912.0 9.188367069172745 14.134423953091941 1.9033882109331657e-11 
0 11 1000000000000.0 11136667648.0 6.25737039722063 12.485738325118875 0.0 
0 13 1000000000000.0 5022309376.0 5.890995813226615 7.9060560251936955 0.0 
0 14 1000000000000.0 4416481280.0 6.532151335216141 11.203427281139826 0.0 
0 15 1000000000000.0 1331158784.0 13.493268431102416 14.134423953091941 7.394743845035023e-11 
0 16 1000000000000.0 1117267712.0 7.9060560251936955 8.730398839180227 0.0 
1 0 1000000000000.0 2132145920.0 9.518657091295344 14.134423953091941 1.8346935082291793e-10 
1 1 1000000000000.0 1110675200.0 12.394144679120373 14.134423953091941 5.4550447492474063e-11 
1 2 1000000000000.0 3049807360.0 5.524621229232601 11.295020927138328 0.0 
1 3 1000000000000.0 47433084928.0 10.287490821154789 14.134423953091941 3.277104976273648e-11 
1 4 1000000000000.0 9976484864.0 13.310081139105408 14.134423953091941 5.4285149292399026e-11 
1 5 1000000000000.0 14227624960.0 12.302551033121869 14.134423953091941 7.498431042751719e-11 
1 6 1000000000000.0 16214563840.0 8.27243060918771 14.134423953091941 1.7983343980620958e-11 
2 1 1000000000000.0 48967421952.0 0 0 4.8827431681219835e-11 
3 0 1000000000000.0 78070530048.0 0 0 3.498291240022766e-11 
4 0 1000000000000.0 2256532224.0 6.074183105223622 14.134423953091941 8.89055357111701e-11 
5 0 1000000000000.0 3002583040.0 13.768049369097927 14.134423953091941 6.86874862543263e-11 
5 1 1000000000000.0 7129730560.0 8.364024255186212 14.134423953091941 1.3688044621373852e-11 
5 2 1000000000000.0 1144832640.0 10.287490821154789 14.134423953091941 1.0164423469571915e-10 
5 3 1000000000000.0 6451898368.0 12.505329766575496 14.134423953091941 1.622840889448085e-10 
5 4 1000000000000.0 8530669568.0 12.668925617115883 14.134423953091941 1.2408182814560575e-10 
5 5 1000000000000.0 2831256064.0 0 0 1.356899592686034e-10 
6 0 1000000000000.0 12367157248.0 10.470678113151797 14.134423953091941 6.122378992667876e-11 
6 1 1000000000000.0 34981826560.0 10.470678113151797 14.134423953091941 1.4674284010141037e-10 
7 0 1000000000000.0 2145602048.0 9.371554361169753 14.134423953091941 6.183024925388025e-11 
8 0 1000000000000.0 5630485504.0 13.218487493106904 14.134423953091941 1.3560123857114803e-10 
8 1 1000000000000.0 13295147008.0 13.218487493106904 14.134423953091941 4.181580429141185e-11 
9 0 1000000000000.0 2524777984.0 5.845377409216786 12.494832329028725 6.8531005523175814e-12 
9 2 1000000000000.0 1132333568.0 7.151195845354705 11.39416988549885 0.0 
10 0 1000000000000.0 6334510592.0 9.371554361169753 14.134423953091941 1.1661911020199867e-11 
10 1 1000000000000.0 2345367040.0 6.806932273211652 14.134423953091941 3.721373556531127e-11 
11 0 1000000000000.0 7961594368.0 10.24269895196932 14.134423953091941 6.50037176863627e-11 
11 1 1000000000000.0 14309476352.0 9.948383723227476 13.66930837199589 8.837939061145939e-12 
11 3 1000000000000.0 1062486528.0 6.25737039722063 12.668925617115883 0.0 
12 0 1000000000000.0 1035799296.0 6.938438491925597 13.04136287038313 0.0 
13 0 1000000000000.0 1537447808.0 5.24984029123709 10.470678113151797 0.0 
14 0 1000000000000.0 2555565312.0 12.31265548191059 14.134423953091941 1.2527291703978705e-10 
14 1 1000000000000.0 2020637824.0 8.304764845311613 12.668925617115883 5.803477490240461e-12 
14 2 1000000000000.0 1162712320.0 8.213676421752545 13.859643015096431 9.239555301410185e-12 
15 0 1000000000000.0 1841499392.0 10.399798587170167 14.134423953091941 6.509053712688839e-11 
15 1 1000000000000.0 2035590656.0 10.217621740052033 14.134423953091941 4.337588968561512e-11 
15 2 1000000000000.0 1919566336.0 7.758234303957206 13.951236661094933 4.338738569809042e-12 
16 0 1000000000000.0 10481701888.0 0 0 3.242908545864065e-12 
17 0 1000000000000.0 7882260480.0 10.470678113151797 14.134423953091941 1.1352294798649964e-10 
17 1 1000000000000.0 1329046016.0 11.56980186513384 11.661395511132342 7.113973472805402e-12 
17 2 1000000000000.0 32071348224.0 11.936176449127855 14.134423953091941 5.4765265239398175e-11 
17 3 1000000000000.0 8181867008.0 11.020239989142818 14.134423953091941 6.336801222639465e-11 
18 0 1000000000000.0 21802887168.0 11.936176449127855 14.134423953091941 6.508643624059118e-11 
19 0 1000000000000.0 5484971520.0 13.86115868241474 14.134423953091941 3.092944303451084e-11 
19 1 1000000000000.0 3166520064.0 12.31265548191059 14.134423953091941 1.3143712507268646e-10 
20 0 1000000000000.0 11108758528.0 13.86115868241474 14.134423953091941 3.6580509454875454e-11 
21 0 1000000000000.0 2196666112.0 11.203427281139826 13.483262139557468 5.717470767663269e-13 
21 2 1000000000000.0 2437969920.0 4.183470816244065 14.134423953091941 9.025323544076258e-11 
22 0 1000000000000.0 1286383104.0 9.371554361169753 14.134423953091941 1.349105271941653e-10 
23 0 1000000000000.0 3331555840.0 11.661395511132342 14.134423953091941 4.086078697618234e-11 
23 1 1000000000000.0 3958546176.0 0 0 2.7882097672349282e-11 
23 2 1000000000000.0 3117652224.0 0 0 2.3030561832615426e-11 
24 0 1000000000000.0 1642279936.0 12.394144679120373 14.134423953091941 1.4956290372847292e-10 
24 2 1000000000000.0 1189001216.0 4.700278415246069 12.302551033121869 0.0 
26 0 1000000000000.0 2311335424.0 7.7693998745676245 13.310081139105408 0.0 
27 0 1000000000000.0 7376714240.0 11.111833635141322 14.134423953091941 2.777668095532704e-10 
27 1 1000000000000.0 2228820224.0 9.463148007168256 14.134423953091941 5.504974254222361e-11 
27 2 1000000000000.0 2616090880.0 8.669118539547883 14.134423953091941 2.1581843256957e-10 
28 1 1000000000000.0 2490817280.0 11.85721336411525 14.134423953091941 4.7422860777190934e-11 
29 1 1000000000000.0 4121218304.0 11.661395511132342 14.134423953091941 9.553015323238156e-11 
30 0 1000000000000.0 2991112960.0 0 0 8.545578134011578e-11 
33 1 1000000000000.0 8531691008.0 11.56980186513384 14.134423953091941 7.950646391252647e-11 
