101332362985472.0 115713196032.0 
90704667738112.0 32225691648.0 
35912293548032.0 42964611072.0 
73595271249920.0 14851087360.0 
78347845500928.0 16976949248.0 
90704667738112.0 12731398144.0 
49171285409792.0 31993057280.0 
73595271249920.0 21233360896.0 
73595271249920.0 9775238144.0 
58587686633472.0 15018840064.0 
73595271249920.0 36855668736.0 
58587686633472.0 16379971584.0 
118920480555008.0 5115126784.0 
154655027888128.0 6826051072.0 
148277672542208.0 3863741952.0 
58587686633472.0 17787539456.0 
131677263233024.0 3982794240.0 
154655027888128.0 2600791808.0 
73595271249920.0 7226039296.0 
49171285409792.0 4669436928.0 
90704667738112.0 9392929792.0 
73595271249920.0 7069347328.0 
90704667738112.0 29732298752.0 
154655027888128.0 2789041408.0 
78347845500928.0 4719343616.0 
101332362985472.0 14589892608.0 
101332362985472.0 3385559808.0 
49171285409792.0 10324990976.0 
159549310894080.0 2421337600.0 
25787029782528.0 19064561664.0 
78347845500928.0 4449097728.0 
78347845500928.0 2102928256.0 
90704667738112.0 3780707072.0 
131677263233024.0 3889939200.0 
78347845500928.0 4573282816.0 
148277672542208.0 2540627456.0 
101332362985472.0 3391734016.0 
58587686633472.0 5228366848.0 
131677263233024.0 2528832512.0 
90704667738112.0 1585337344.0 
90704667738112.0 1358572928.0 
148277672542208.0 1465019136.0 
118920480555008.0 4336586240.0 
49171285409792.0 6163519488.0 
73595271249920.0 1600360832.0 
90704667738112.0 1984786688.0 
131677263233024.0 1932262656.0 
78347845500928.0 996160448.0 
73595271249920.0 1045670208.0 
131677263233024.0 2248593152.0 
90704667738112.0 4076376832.0 
58587686633472.0 3247932416.0 
49171285409792.0 1429608576.0 
73595271249920.0 1630801920.0 
154655027888128.0 1838734336.0 
73595271249920.0 767983168.0 
131677263233024.0 1599563392.0 
154655027888128.0 4606005760.0 
154655027888128.0 1324891904.0 
148277672542208.0 1823731456.0 
179181992280064.0 1173633920.0 
131677263233024.0 6455297536.0 
154655027888128.0 1790049920.0 
159549310894080.0 1650638336.0 
131677263233024.0 1740867584.0 
118920480555008.0 1498274560.0 
148277672542208.0 555133504.0 
131677263233024.0 2427459328.0 
78347845500928.0 1365511552.0 
118920480555008.0 1184584832.0 
101332362985472.0 1519770752.0 
101332362985472.0 1120221696.0 
154655027888128.0 23514224640.0 
101332362985472.0 35028381696.0 
148277672542208.0 37646340096.0 
73595271249920.0 18280734720.0 
78347845500928.0 31292897280.0 
78347845500928.0 47052075008.0 
159549310894080.0 6927876608.0 
179181992280064.0 30393538560.0 
78347845500928.0 21918556160.0 
154655027888128.0 4851403264.0 
131677263233024.0 4941223424.0 
73595271249920.0 10233981952.0 
118920480555008.0 7809338368.0 
118920480555008.0 4377194496.0 
118920480555008.0 7993164800.0 
118920480555008.0 5533383680.0 
154655027888128.0 2023587584.0 
148277672542208.0 4152878592.0 
101332362985472.0 27341260800.0 
118920480555008.0 61026062336.0 
101332362985472.0 220634841088.0 
148277672542208.0 86085640192.0 
73595271249920.0 2325646848.0 
25787029782528.0 5940550144.0 
49171285409792.0 3387268096.0 
49171285409792.0 4395356672.0 
58587686633472.0 1698257152.0 
49171285409792.0 3233810432.0 
49171285409792.0 5877396480.0 
73595271249920.0 1793388672.0 
101332362985472.0 2221473024.0 
58587686633472.0 1624079616.0 
131677263233024.0 3546879488.0 
131677263233024.0 3095492608.0 
25787029782528.0 3539669248.0 
131677263233024.0 1996856832.0 
101332362985472.0 1860067584.0 
39845934137344.0 81875419136.0 
29104443228160.0 46019538944.0 
22378375544832.0 40450650112.0 
18108834119680.0 24969762816.0 
39845934137344.0 32326561792.0 
258421538422784.0 14035118080.0 
258421538422784.0 15027978240.0 
115959494868992.0 23105849344.0 
1581688684544.0 9991419904.0 
22378375544832.0 20999612416.0 
29104443228160.0 12474577920.0 
258421538422784.0 15272588288.0 
29104443228160.0 20703195136.0 
108008562491392.0 7678649856.0 
108008562491392.0 17595561984.0 
39845934137344.0 10341192704.0 
115959494868992.0 16391015424.0 
115959494868992.0 6966238720.0 
39845934137344.0 8199393280.0 
89702103252992.0 11377037312.0 
149001726853120.0 10810064896.0 
108008562491392.0 4288454656.0 
22378375544832.0 12164124672.0 
115959494868992.0 6879058944.0 
115959494868992.0 4415854592.0 
115959494868992.0 3843611136.0 
204598216228864.0 1542607104.0 
204598216228864.0 2311771904.0 
115959494868992.0 14407041024.0 
312135271841792.0 2890321408.0 
107157185888256.0 2140432256.0 
89702103252992.0 3806416128.0 
204598216228864.0 10437954560.0 
108008562491392.0 1907552896.0 
1581688684544.0 7522255872.0 
108008562491392.0 2309139968.0 
312135271841792.0 2718911488.0 
39845934137344.0 7202315776.0 
258421538422784.0 1322694400.0 
29104443228160.0 34032510976.0 
39845934137344.0 5485386752.0 
107157185888256.0 4779579904.0 
29104443228160.0 10520659968.0 
115959494868992.0 3024807168.0 
29104443228160.0 8752910336.0 
258421538422784.0 1928765440.0 
22378375544832.0 7444893696.0 
115959494868992.0 2089116928.0 
39845934137344.0 13089445888.0 
107157185888256.0 7096997888.0 
108008562491392.0 3010265856.0 
107157185888256.0 3454372352.0 
204598216228864.0 1124622720.0 
149001726853120.0 2456593408.0 
115959494868992.0 12006512640.0 
258421538422784.0 1388729984.0 
2475853086720.0 5250818048.0 
89702103252992.0 6656644096.0 
115959494868992.0 14271501312.0 
149001726853120.0 3652844800.0 
115959494868992.0 5294533120.0 
149001726853120.0 1070392128.0 
115959494868992.0 2747757824.0 
115959494868992.0 5474910208.0 
39845934137344.0 11946643456.0 
89702103252992.0 4352748544.0 
149001726853120.0 629092800.0 
204598216228864.0 1068799616.0 
5145219301376.0 12142000128.0 
107157185888256.0 2864281600.0 
89702103252992.0 1880290688.0 
107157185888256.0 4973885440.0 
115959494868992.0 1330091648.0 
39845934137344.0 2509794048.0 
89702103252992.0 3164114688.0 
89702103252992.0 4034379520.0 
39845934137344.0 5064473088.0 
204598216228864.0 5514832384.0 
149001726853120.0 1992528384.0 
258421538422784.0 2165827584.0 
39845934137344.0 8556339200.0 
89702103252992.0 2308773888.0 
39845934137344.0 3541686784.0 
115959494868992.0 1788287104.0 
115959494868992.0 1729855488.0 
204598216228864.0 1806674944.0 
89702103252992.0 9594471424.0 
39845934137344.0 9388767232.0 
115959494868992.0 5886806016.0 
29104443228160.0 4379932160.0 
89702103252992.0 1851773696.0 
29104443228160.0 2664041728.0 
89702103252992.0 1294836352.0 
39845934137344.0 2392364544.0 
149001726853120.0 2547264512.0 
115959494868992.0 3559939584.0 
29104443228160.0 1625150592.0 
115959494868992.0 3240960256.0 
107157185888256.0 1079375872.0 
39845934137344.0 1674628096.0 
22378375544832.0 3054117376.0 
115959494868992.0 3094632704.0 
29104443228160.0 6321171968.0 
89702103252992.0 1678087168.0 
107157185888256.0 1420902144.0 
115959494868992.0 1739992320.0 
107157185888256.0 1018698560.0 
1581688684544.0 1282796288.0 
39845934137344.0 1360329344.0 
89702103252992.0 3216865024.0 
18108834119680.0 3436967680.0 
39845934137344.0 2679987200.0 
115959494868992.0 1243795456.0 
29104443228160.0 1421309440.0 
149001726853120.0 1141025792.0 
149001726853120.0 3093197824.0 
39845934137344.0 1427256704.0 
89702103252992.0 884694656.0 
115959494868992.0 2010213376.0 
89702103252992.0 1573005312.0 
258421538422784.0 1373911680.0 
89702103252992.0 1582332800.0 
115959494868992.0 1128327424.0 
149001726853120.0 1517712640.0 
107157185888256.0 1111947264.0 
108008562491392.0 3288489216.0 
204598216228864.0 1045594304.0 
312135271841792.0 2296903168.0 
204598216228864.0 4810184704.0 
115959494868992.0 1346096000.0 
1581688684544.0 1305608960.0 
1581688684544.0 3216421120.0 
89702103252992.0 3382432256.0 
115959494868992.0 3544249344.0 
258421538422784.0 1069071872.0 
312135271841792.0 2207878400.0 
115959494868992.0 1790603392.0 
115959494868992.0 1279813632.0 
258421538422784.0 1416065152.0 
115959494868992.0 3330827264.0 
89702103252992.0 1046119808.0 
115959494868992.0 1352770176.0 
39845934137344.0 1098793472.0 
149001726853120.0 338392973312.0 
149001726853120.0 199684046848.0 
107157185888256.0 172567412736.0 
258421538422784.0 98157215744.0 
312135271841792.0 78480228352.0 
149001726853120.0 80026648576.0 
258421538422784.0 51981115392.0 
149001726853120.0 26409402368.0 
115959494868992.0 76366151680.0 
115959494868992.0 163712614400.0 
108008562491392.0 119920427008.0 
115959494868992.0 42188091392.0 
258421538422784.0 31161982976.0 
149001726853120.0 46325215232.0 
1581688684544.0 40394166272.0 
39845934137344.0 68729847808.0 
149001726853120.0 26020982784.0 
1581688684544.0 33070921728.0 
115959494868992.0 24319229952.0 
115959494868992.0 38703968256.0 
204598216228864.0 24785825792.0 
39845934137344.0 23426279424.0 
115959494868992.0 55720529920.0 
39845934137344.0 24003375104.0 
258421538422784.0 31424589824.0 
39845934137344.0 31364454400.0 
108008562491392.0 38919360512.0 
39845934137344.0 20102457344.0 
115959494868992.0 35195838464.0 
115959494868992.0 27377094656.0 
29104443228160.0 21320435712.0 
1581688684544.0 8199783424.0 
204598216228864.0 17523163136.0 
108008562491392.0 9030799360.0 
258421538422784.0 14260216832.0 
149001726853120.0 8454767104.0 
89702103252992.0 10810601472.0 
89702103252992.0 12864202752.0 
258421538422784.0 14690544640.0 
149001726853120.0 8887455744.0 
107157185888256.0 6840623104.0 
89702103252992.0 9359660032.0 
204598216228864.0 12295863296.0 
204598216228864.0 3622210304.0 
149001726853120.0 4459152384.0 
204598216228864.0 9074610176.0 
258421538422784.0 7551823360.0 
149001726853120.0 12356036608.0 
258421538422784.0 13947912192.0 
312135271841792.0 3884837888.0 
204598216228864.0 328998223872.0 
39845934137344.0 30849005568.0 
39845934137344.0 14408400896.0 
258421538422784.0 6697417728.0 
14056857534464.0 5854981120.0 
18108834119680.0 19468169216.0 
29104443228160.0 3638407936.0 
149001726853120.0 5295149056.0 
18108834119680.0 5533768704.0 
108008562491392.0 3191345920.0 
18108834119680.0 3038480896.0 
89702103252992.0 4202051584.0 
149001726853120.0 1680833280.0 
22378375544832.0 2217931008.0 
18108834119680.0 21236434944.0 
39845934137344.0 1618663808.0 
39845934137344.0 2793590784.0 
29104443228160.0 1795790848.0 
39845934137344.0 5072635392.0 
18108834119680.0 2247235584.0 
39845934137344.0 2874563584.0 
39845934137344.0 3484447488.0 
39845934137344.0 1345229312.0 
24729542983680.0 3252770560.0 
203215471640576.0 4198987264.0 
67878556532736.0 113790607360.0 
9679738503168.0 24388470784.0 
21595617755136.0 7635963392.0 
24729542983680.0 2887203584.0 
636179251200.0 1487904128.0 
12937449177088.0 34592636928.0 
67878556532736.0 36421459968.0 
24729542983680.0 29681969152.0 
12937449177088.0 15214756864.0 
67878556532736.0 8991471616.0 
12937449177088.0 102106865664.0 
12937449177088.0 34172168192.0 
12937449177088.0 10593884160.0 
24729542983680.0 8459789824.0 
12937449177088.0 26708121600.0 
636179251200.0 9884628992.0 
24729542983680.0 3072983040.0 
67878556532736.0 14697965568.0 
636179251200.0 3011649792.0 
67878556532736.0 4429551104.0 
2653495230464.0 5861913088.0 
67878556532736.0 2869161984.0 
636179251200.0 2936263680.0 
24729542983680.0 20019300352.0 
636179251200.0 1086830976.0 
24729542983680.0 11544589312.0 
2653495230464.0 5815801856.0 
636179251200.0 1266957056.0 
12937449177088.0 8910821376.0 
67878556532736.0 10986571776.0 
2653495230464.0 8792380416.0 
67878556532736.0 4789879808.0 
67878556532736.0 4405493760.0 
636179251200.0 786258176.0 
9679738503168.0 10518060032.0 
24729542983680.0 4491182592.0 
12937449177088.0 3285014016.0 
21595617755136.0 4391845888.0 
12937449177088.0 7253215232.0 
636179251200.0 792734976.0 
636179251200.0 4405611008.0 
636179251200.0 6793737216.0 
24729542983680.0 18693744640.0 
67878556532736.0 981987520.0 
203215471640576.0 1686094080.0 
2653495230464.0 2129833856.0 
2653495230464.0 2645469952.0 
21595617755136.0 25278195712.0 
21595617755136.0 2977608704.0 
8419633790976.0 4811535360.0 
12937449177088.0 6916616704.0 
24729542983680.0 3465990144.0 
12937449177088.0 5594292736.0 
2653495230464.0 1298187264.0 
67878556532736.0 1694170496.0 
636179251200.0 2643494400.0 
12937449177088.0 6221245440.0 
2653495230464.0 870643456.0 
12937449177088.0 1907832320.0 
2653495230464.0 2905186816.0 
12937449177088.0 6877254144.0 
636179251200.0 1672525568.0 
636179251200.0 1358397056.0 
501767077888.0 1032656704.0 
24729542983680.0 1139242368.0 
12937449177088.0 5939266048.0 
636179251200.0 1979433984.0 
2653495230464.0 5349454848.0 
67878556532736.0 8579834880.0 
12937449177088.0 3340770048.0 
67878556532736.0 3372397056.0 
636179251200.0 1282334208.0 
2653495230464.0 1251051904.0 
67878556532736.0 2452969728.0 
636179251200.0 1723621248.0 
21595617755136.0 5834689536.0 
67878556532736.0 5518208512.0 
9679738503168.0 3022525184.0 
636179251200.0 2361401344.0 
24729542983680.0 1271848576.0 
2653495230464.0 1253671552.0 
24729542983680.0 1486077568.0 
2653495230464.0 379190720.0 
2653495230464.0 2504272384.0 
67878556532736.0 4134601984.0 
24729542983680.0 3091998720.0 
2653495230464.0 6290475008.0 
12937449177088.0 5352167424.0 
9679738503168.0 823848000.0 
636179251200.0 3147014144.0 
12937449177088.0 3840200960.0 
636179251200.0 1106272896.0 
24729542983680.0 4200303360.0 
12937449177088.0 1017512384.0 
21595617755136.0 2549250816.0 
24729542983680.0 1742577664.0 
12937449177088.0 3268712960.0 
9679738503168.0 1568252032.0 
21595617755136.0 2354245120.0 
501767077888.0 1567479040.0 
21595617755136.0 1749186048.0 
21595617755136.0 1392989440.0 
8419633790976.0 1070346112.0 
67878556532736.0 2084336896.0 
24729542983680.0 2904162304.0 
636179251200.0 880629376.0 
21595617755136.0 1916483584.0 
67878556532736.0 1126113152.0 
6882135113728.0 1194209792.0 
24729542983680.0 1100782720.0 
67878556532736.0 2257521408.0 
9679738503168.0 1102454784.0 
67878556532736.0 7129255936.0 
636179251200.0 2588791808.0 
2653495230464.0 3011338752.0 
2653495230464.0 1640525696.0 
67878556532736.0 1089008640.0 
67878556532736.0 2887689984.0 
24729542983680.0 1641303552.0 
5215760678912.0 958420288.0 
24729542983680.0 2061987840.0 
2653495230464.0 1002582976.0 
2653495230464.0 1083936000.0 
2653495230464.0 1242810496.0 
263063542431744.0 21800054784.0 
2653495230464.0 176298229760.0 
2653495230464.0 42118840320.0 
24729542983680.0 58110537728.0 
2653495230464.0 91898593280.0 
21595617755136.0 128429907968.0 
2653495230464.0 42230239232.0 
67878556532736.0 56542015488.0 
67878556532736.0 38762676224.0 
21595617755136.0 48534261760.0 
21595617755136.0 27084566528.0 
12937449177088.0 21850374144.0 
21595617755136.0 25050687488.0 
67878556532736.0 26248148992.0 
636179251200.0 20119617536.0 
636179251200.0 22101809152.0 
2653495230464.0 10743669760.0 
2653495230464.0 11990373376.0 
67878556532736.0 13549559808.0 
2653495230464.0 6842564096.0 
67878556532736.0 3121850368.0 
67878556532736.0 5012088832.0 
501767077888.0 1213595136.0 
2653495230464.0 7941827584.0 
636179251200.0 220732686336.0 
501767077888.0 451919413248.0 
501767077888.0 116346372096.0 
636179251200.0 5152060416.0 
24729542983680.0 5717435904.0 
8419633790976.0 3566963968.0 
12937449177088.0 1005468096.0 
9679738503168.0 2011992960.0 
2653495230464.0 4004519936.0 
9679738503168.0 1199933568.0 
67878556532736.0 1570334848.0 
21595617755136.0 5898337792.0 
12937449177088.0 3611330304.0 
21595617755136.0 1661785600.0 
636179251200.0 13143595008.0 
203215471640576.0 7947310080.0 
31529461874688.0 2984998144.0 
31529461874688.0 34761539584.0 
27112341766144.0 8588441088.0 
27112341766144.0 6887265792.0 
2505762144256.0 26982713344.0 
1079174955008.0 37378920448.0 
43388233580544.0 3462854400.0 
31529461874688.0 1302712576.0 
27112341766144.0 5334002176.0 
1079174955008.0 2707757824.0 
1079174955008.0 4697180672.0 
31837629972480.0 4372434432.0 
31837629972480.0 4600834048.0 
27112341766144.0 2077899520.0 
35623633158144.0 907378432.0 
27112341766144.0 2912602624.0 
3582658871296.0 1157491840.0 
1079174955008.0 1100087040.0 
2505762144256.0 1139685760.0 
31529461874688.0 1800100608.0 
51904184844288.0 37743284224.0 
31529461874688.0 69985869824.0 
31837629972480.0 37896364032.0 
31837629972480.0 37661667328.0 
27112341766144.0 1499686400.0 
27112341766144.0 1206866944.0 
27112341766144.0 1111270656.0 
31837629972480.0 2384998144.0 
3582658871296.0 1130139904.0 
14587720105984.0 22595889152.0 
10277806407680.0 1682721792.0 
13180328738816.0 4922819584.0 
10432316178432.0 4991115264.0 
10432316178432.0 7116624896.0 
10432316178432.0 2615726848.0 
10432316178432.0 2585557504.0 
61456900096.0 2603571200.0 
13180328738816.0 1660482304.0 
10432316178432.0 504206944.0 
513110310912.0 960979968.0 
31953078190080.0 2074711936.0 
9337610174464.0 882502400.0 
14587720105984.0 16861272064.0 
10432316178432.0 12441441280.0 
12128231620608.0 126385315840.0 
135274971136.0 3266784512.0 
189945331712.0 1799661184.0 
9337610174464.0 23099240448.0 
513110310912.0 1515483904.0 
17869385498624.0 656860672.0 
17869385498624.0 1568497536.0 
17869385498624.0 941751168.0 
15377148936192.0 1348880256.0 
8369345658880.0 721609472.0 
15377148936192.0 533648032.0 
22258420547584.0 89112797184.0 
17869385498624.0 6837603840.0 
12439064150016.0 7292979200.0 
29251776544768.0 534963584.0 
40452975755264.0 2424613632.0 
8369345658880.0 22759825408.0 
15377148936192.0 2281583616.0 
10539174461440.0 8432813056.0 
6837092483072.0 5739162624.0 
12439064150016.0 5903708160.0 
40452975755264.0 1098023552.0 
15377148936192.0 7485124608.0 
15377148936192.0 2507328512.0 
10539174461440.0 2260608000.0 
12439064150016.0 1103928960.0 
22258420547584.0 25836371968.0 
17869385498624.0 10924911616.0 
15377148936192.0 27657625600.0 
12439064150016.0 36963577856.0 
12439064150016.0 2238210048.0 
8369345658880.0 1056158592.0 
12439064150016.0 2419354624.0 
8021070577664.0 8312104448.0 
4921583730688.0 3440261888.0 
4921583730688.0 1441832960.0 
7240251080704.0 2434742528.0 
18542940389376.0 2886662400.0 
17602422243328.0 1033510400.0 
18542940389376.0 2896428800.0 
4921583730688.0 1481753600.0 
11095835148288.0 912681216.0 
226136948736.0 1352232960.0 
11095835148288.0 1352617600.0 
4921583730688.0 30489194496.0 
7240251080704.0 11756996608.0 
11095835148288.0 6712093184.0 
15327604768768.0 151287185408.0 
637837049856.0 2073918080.0 
7240251080704.0 2427324416.0 
21455622373376.0 2982466560.0 
20032593592320.0 21474625536.0 
17224840511488.0 3389117952.0 
23736593940480.0 1076620032.0 
13979800829952.0 6697743360.0 
15772715843584.0 2801695744.0 
20032593592320.0 1127326848.0 
23736593940480.0 1010998592.0 
11728019521536.0 5497651200.0 
11728019521536.0 13219667968.0 
10071049240576.0 2144061184.0 
17224840511488.0 1573151104.0 
3528938487808.0 10776194048.0 
11728019521536.0 787760448.0 
13979800829952.0 15113555968.0 
14721442906112.0 573653120.0 
14721442906112.0 1109904000.0 
14721442906112.0 1015871808.0 
14721442906112.0 4247901184.0 
14721442906112.0 2654969600.0 
5298662670336.0 6799850496.0 
11428122591232.0 3201435136.0 
14721442906112.0 1070702592.0 
11428122591232.0 2579443968.0 
8701371482112.0 2000395648.0 
7048899592192.0 1212545280.0 
7048899592192.0 2442823680.0 
14721442906112.0 1005923200.0 
19282039668736.0 553489984.0 
14721442906112.0 34791788544.0 
3300164370432.0 863242240.0 
8701371482112.0 896817088.0 
6781636444160.0 38444179456.0 
7994428358656.0 6973544448.0 
6781636444160.0 5768911360.0 
7994428358656.0 6189112832.0 
6781636444160.0 5722184704.0 
7994428358656.0 5524375552.0 
6781636444160.0 3180063488.0 
9621111570432.0 1891253760.0 
6781636444160.0 34034857984.0 
32223396888576.0 4021907200.0 
7994428358656.0 2229573120.0 
6781636444160.0 1177905792.0 
9918205657088.0 1948835968.0 
7668723875840.0 6716609536.0 
10875719122944.0 13513504768.0 
12711281819648.0 2000392320.0 
2447979839488.0 1374563328.0 
16466492522496.0 901993216.0 
2447979839488.0 1402146176.0 
14747560837120.0 1439219072.0 
17027912695808.0 46627631104.0 
10875719122944.0 5815291904.0 
10875719122944.0 3125028096.0 
1415399211008.0 709389504.0 
4925985128448.0 14815391744.0 
2555982643200.0 2711242752.0 
5596465594368.0 3093740544.0 
5596465594368.0 6186151424.0 
3178268721152.0 523645696.0 
531424247808.0 581828288.0 
5596465594368.0 1128389248.0 
50850516992.0 675748608.0 
50850516992.0 1830895744.0 
5596465594368.0 582857088.0 
4925985128448.0 1239307648.0 
5596465594368.0 2077921792.0 
4925985128448.0 641655872.0 
5596465594368.0 1360992640.0 
531424247808.0 21172402176.0 
5596465594368.0 6014819328.0 
6276504879104.0 25240811520.0 
11323939225600.0 6914275328.0 
5337714262016.0 667011904.0 
7243363254272.0 15235682304.0 
8469951283200.0 510886080.0 
11323939225600.0 110329929728.0 
7243363254272.0 3212574720.0 
17219089072128.0 2200436480.0 
10560590577664.0 1214506880.0 
13299558121472.0 1985854848.0 
10560590577664.0 853383552.0 
10560590577664.0 2094596480.0 
7132548694016.0 1407257216.0 
10560590577664.0 2914145536.0 
10560590577664.0 617198016.0 
5910817144832.0 1611158528.0 
13299558121472.0 3427447296.0 
10560590577664.0 1873897216.0 
7132548694016.0 5495344640.0 
10560590577664.0 12807770112.0 
7132548694016.0 1636951680.0 
7132548694016.0 2927763712.0 
26293955461120.0 1295914368.0 
10437861048320.0 584624256.0 
6928913661952.0 4992855552.0 
7116144246784.0 1887146624.0 
6364497182720.0 2625805312.0 
8359020855296.0 268845792.0 
7726515617792.0 1294832768.0 
6364497182720.0 468038976.0 
6928913661952.0 436913696.0 
13234202476544.0 1650253568.0 
6928913661952.0 700471936.0 
13234202476544.0 87307100160.0 
7116144246784.0 16462021632.0 
6364497182720.0 871785280.0 
14832402169856.0 1111064192.0 
14295637164032.0 4693120512.0 
14295637164032.0 7227483136.0 
1318526208.0 4546728448.0 
2046934515712.0 1065446912.0 
8554288250880.0 3437829888.0 
8554288250880.0 1935076992.0 
2046934515712.0 778337984.0 
85190369280.0 5276933120.0 
85190369280.0 39337570304.0 
14295637164032.0 60561526784.0 
14295637164032.0 43789213696.0 
85190369280.0 1681501440.0 
1318526208.0 1285289472.0 
1318526208.0 2358891776.0 
2046934515712.0 1181267840.0 
5207131947008.0 54883844096.0 
3545837076480.0 1452729728.0 
2431265538048.0 4411056128.0 
2431265538048.0 2813160704.0 
3338808852480.0 851389760.0 
5207131947008.0 34918699008.0 
8616879849472.0 18390495232.0 
7874510585856.0 4296221696.0 
6345543122944.0 2384883456.0 
7242044669952.0 348020384.0 
8616879849472.0 1231767040.0 
7242044669952.0 2897478656.0 
6345543122944.0 651812800.0 
9398204235776.0 8625994752.0 
4805824610304.0 6708776448.0 
7242044669952.0 859642752.0 
9398204235776.0 4654992896.0 
735369232384.0 6817124352.0 
7112829173760.0 3609103360.0 
7112829173760.0 917914880.0 
9014133915648.0 927097600.0 
5392152133632.0 1003844992.0 
9014133915648.0 58934616064.0 
7112829173760.0 3931257600.0 
735369232384.0 2016641792.0 
735369232384.0 1288816000.0 
3971982819328.0 10168416256.0 
4707507503104.0 6296330240.0 
5432172609536.0 2840392192.0 
7098586365952.0 5403077632.0 
1364887994368.0 18625154.0 
7304518828032.0 689003648.0 
7098586365952.0 3000996096.0 
3952544317440.0 991423872.0 
4745114681344.0 686894720.0 
5704138620928.0 4158945280.0 
815004319744.0 688673536.0 
3383464558592.0 770082624.0 
3383464558592.0 677174912.0 
3826789908480.0 518781280.0 
5704138620928.0 1139602048.0 
7293408641024.0 1097228032.0 
5704138620928.0 5638519296.0 
829731110912.0 1228120832.0 
1507172548608.0 2726542080.0 
1712397352960.0 6096235008.0 
6179689857024.0 1535633920.0 
2488485806080.0 2560730880.0 
158329798656.0 1177991808.0 
158329798656.0 921622208.0 
2488485806080.0 1959938688.0 
1947201568768.0 1496349312.0 
959964643328.0 486805664.0 
4232566538240.0 24159430656.0 
3889012408320.0 4729884160.0 
4232566538240.0 651245184.0 
4232566538240.0 631715008.0 
4232566538240.0 1881547136.0 
1228750192640.0 75377901568.0 
16054995968.0 1832740864.0 
3220800798720.0 2430379008.0 
4385999945728.0 1185777280.0 
4456938733568.0 2845908992.0 
3606887006208.0 27104593920.0 
2673476894720.0 6172590080.0 
4385999945728.0 2573765120.0 
4257007534080.0 1548067968.0 
2454921412608.0 32097376256.0 
1748772978688.0 6922034176.0 
1748772978688.0 6067379712.0 
2454921412608.0 1845856000.0 
3216195715072.0 1160326656.0 
1748772978688.0 1051329344.0 
2881474265088.0 3450645248.0 
2454921412608.0 968401152.0 
3216195715072.0 19101720576.0 
2881474265088.0 10627212288.0 
6526288265216.0 1099029888.0 
6526288265216.0 614172096.0 
4156062695424.0 12599408640.0 
3997335289856.0 747845440.0 
1919473680384.0 2384925184.0 
902221004800.0 1884638720.0 
3997335289856.0 1120283520.0 
4156062695424.0 980093120.0 
4156062695424.0 29284276224.0 
436703657984.0 529924224.0 
0.0 3803460864.0 
7677351559168.0 1050984064.0 
7677351559168.0 20629829632.0 
0.0 1157194240.0 
5866723999744.0 5358633984.0 
2997591736320.0 5084985856.0 
2997591736320.0 5292280832.0 
5866723999744.0 1992383360.0 
8919906779136.0 485325376.0 
5866723999744.0 1826980736.0 
2997591736320.0 6687082496.0 
2862433173504.0 7005852672.0 
1977847382016.0 500478112.0 
2637362888704.0 255863424.0 
4018237865984.0 5274542592.0 
275349012480.0 3202023424.0 
5547787026432.0 16412455936.0 
275349012480.0 546680448.0 
162993111040.0 1133720832.0 
162993111040.0 1274498560.0 
650198319104.0 1559380608.0 
3390357635072.0 731536576.0 
1580990595072.0 1281597312.0 
2171031126016.0 775092544.0 
2171031126016.0 634168960.0 
2171031126016.0 1149186304.0 
5079874142208.0 4725267968.0 
3084605194240.0 568603136.0 
3679279906816.0 856940736.0 
2680806178816.0 3192122624.0 
3679279906816.0 782585536.0 
3084605194240.0 4130592768.0 
3618103885824.0 2994898944.0 
3618103885824.0 969673024.0 
4095313444864.0 3432681984.0 
958995234816.0 741144576.0 
36470832234496.0 1089615872.0 
56620167987200.0 52232130560.0 
15828879671296.0 27842904064.0 
38796984844288.0 91329585152.0 
17130342842368.0 23185731584.0 
17130342842368.0 14644801536.0 
15828879671296.0 16811614208.0 
17130342842368.0 20068098048.0 
36470832234496.0 20175468544.0 
36470832234496.0 11698886656.0 
14028886769664.0 11978647552.0 
15066964426752.0 6614345216.0 
56620167987200.0 11718336512.0 
51902838472704.0 19837945856.0 
29875052216320.0 4332594176.0 
51902838472704.0 5804335616.0 
15828879671296.0 6046839808.0 
56620167987200.0 10562170880.0 
51902838472704.0 4911588352.0 
51902838472704.0 2582589184.0 
56620167987200.0 9788323840.0 
15828879671296.0 7687599104.0 
17130342842368.0 2382876416.0 
21695834357760.0 2072621312.0 
56620167987200.0 4214960896.0 
51902838472704.0 6239145472.0 
36470832234496.0 2788173568.0 
15828879671296.0 891812288.0 
29875052216320.0 1035068736.0 
56620167987200.0 1333779072.0 
36470832234496.0 4755756032.0 
56620167987200.0 6054592512.0 
51902838472704.0 1081499648.0 
56620167987200.0 2054926592.0 
15828879671296.0 1457690240.0 
51902838472704.0 419053984.0 
15828879671296.0 4297528320.0 
51902838472704.0 1680022656.0 
51902838472704.0 5745483776.0 
56620167987200.0 1532705280.0 
29875052216320.0 4267697664.0 
14028886769664.0 2712306944.0 
51902838472704.0 943001216.0 
21695834357760.0 1552709504.0 
132550672384.0 2629822976.0 
21695834357760.0 927936896.0 
12283177598976.0 1144789504.0 
17130342842368.0 1666001792.0 
38796984844288.0 2633110272.0 
36470832234496.0 2816643072.0 
21695834357760.0 1190743808.0 
36470832234496.0 1429400576.0 
56620167987200.0 2749602560.0 
21695834357760.0 2006380672.0 
56620167987200.0 1480117760.0 
51902838472704.0 1728407680.0 
38796984844288.0 1738446464.0 
36470832234496.0 19973244928.0 
51902838472704.0 36688642048.0 
51902838472704.0 33281390592.0 
17130342842368.0 34044114944.0 
56620167987200.0 65788420096.0 
56620167987200.0 38126571520.0 
56620167987200.0 10308183040.0 
56620167987200.0 9607790592.0 
51902838472704.0 10266419200.0 
51902838472704.0 339730595840.0 
56620167987200.0 161301823488.0 
56620167987200.0 142775795712.0 
56620167987200.0 49314217984.0 
51902838472704.0 5270057472.0 
15828879671296.0 3663328000.0 
14028886769664.0 2182491136.0 
56620167987200.0 2020492544.0 
15828879671296.0 2096568064.0 
56620167987200.0 1346084736.0 
17130342842368.0 1919872512.0 
12283177598976.0 1303501568.0 
38796984844288.0 1892770688.0 
10906286161920.0 25781657600.0 
10906286161920.0 13489296384.0 
10593049247744.0 6237824000.0 
8514897444864.0 15605229568.0 
9300836614144.0 4407368704.0 
10906286161920.0 7967353344.0 
9692321415168.0 9562758144.0 
9300836614144.0 3561030912.0 
9692321415168.0 13234982912.0 
10617471631360.0 4613484544.0 
10617471631360.0 5956599296.0 
9692321415168.0 2531887872.0 
9300836614144.0 3209124864.0 
1396571373568.0 2617941504.0 
9692321415168.0 1545392000.0 
10906286161920.0 2182629632.0 
10593049247744.0 2400744448.0 
10617471631360.0 4167490304.0 
10617471631360.0 3236003584.0 
1396571373568.0 973642688.0 
10593049247744.0 2255037184.0 
1396571373568.0 2370448896.0 
1396571373568.0 1765950336.0 
9692321415168.0 2768722432.0 
10906286161920.0 2867075840.0 
9300836614144.0 1313620480.0 
228395892736.0 1068881408.0 
228395892736.0 551073024.0 
10906286161920.0 2182020608.0 
9300836614144.0 1002030592.0 
228395892736.0 1205186304.0 
10617471631360.0 827449280.0 
10617471631360.0 1760203648.0 
228395892736.0 458471360.0 
10617471631360.0 714835392.0 
10906286161920.0 1143253632.0 
10593049247744.0 158716166144.0 
9692321415168.0 47338569728.0 
8514897444864.0 37744025600.0 
10906286161920.0 24739473408.0 
9692321415168.0 7952314368.0 
8514897444864.0 191838404608.0 
9199542075392.0 81219805184.0 
8514897444864.0 379408187392.0 
10593049247744.0 12908869632.0 
36133207539712.0 2480004096.0 
31182418870272.0 1353085824.0 
20696528846848.0 28921462784.0 
20696528846848.0 9982799872.0 
16971208851456.0 30893805568.0 
20696528846848.0 11569551360.0 
20696528846848.0 9128548352.0 
29011367428096.0 4277609984.0 
20696528846848.0 4005003008.0 
16971208851456.0 2320528384.0 
36961590968320.0 15111062528.0 
20696528846848.0 999904000.0 
16971208851456.0 5593898496.0 
36133207539712.0 2891851264.0 
35034553647104.0 1036087040.0 
6007031332864.0 3022812672.0 
25867120017408.0 891106368.0 
20696528846848.0 1046182528.0 
36961590968320.0 2547474688.0 
10054218547200.0 1271822336.0 
25867120017408.0 32812527616.0 
36961590968320.0 20290150400.0 
35034553647104.0 8888495104.0 
36961590968320.0 274353487872.0 
6007031332864.0 16880217088.0 
1813594112000.0 3106490880.0 
20696528846848.0 2018184576.0 
16971208851456.0 2285782784.0 
20696528846848.0 1713291392.0 
6489708691456.0 473592064.0 
6389607432192.0 2887244800.0 
9879406247936.0 32382783488.0 
6389607432192.0 6439109632.0 
8202125049856.0 6286524928.0 
8202125049856.0 5398888448.0 
8202125049856.0 1905337472.0 
6156936282112.0 3745021184.0 
8202125049856.0 5456876032.0 
9879406247936.0 1102101632.0 
6489708691456.0 1370458112.0 
9229102481408.0 9448069120.0 
9229102481408.0 1103357696.0 
6156936282112.0 1658916352.0 
6489708691456.0 1304085120.0 
6489708691456.0 1821358848.0 
6573851672576.0 1616916992.0 
6573851672576.0 1614246656.0 
7223914790912.0 2057172608.0 
9229102481408.0 1117972480.0 
6389607432192.0 2095362048.0 
6489708691456.0 1725398144.0 
6389607432192.0 803421376.0 
7223914790912.0 1047620480.0 
9879406247936.0 1037631360.0 
5707405983744.0 608821248.0 
9229102481408.0 17305856000.0 
7223914790912.0 3208262144.0 
5707405983744.0 2685856256.0 
6389607432192.0 2899737600.0 
9879406247936.0 1731514880.0 
6573851672576.0 762023232.0 
6489708691456.0 1017786048.0 
9229102481408.0 1872017664.0 
31068291858432.0 2278551040.0 
31068291858432.0 2458087424.0 
31579032256512.0 24328867840.0 
24916531347456.0 46726418432.0 
24916531347456.0 38469308416.0 
31579032256512.0 5218902016.0 
33428080689152.0 4714400256.0 
17301576351744.0 3031111680.0 
31068291858432.0 2078003712.0 
24916531347456.0 4049427456.0 
31579032256512.0 13038839808.0 
31169380876288.0 2682020096.0 
40148507033600.0 2245414912.0 
31169380876288.0 2080040832.0 
31579032256512.0 1321391488.0 
31169380876288.0 1297416832.0 
24916531347456.0 2561792768.0 
17301576351744.0 1024966016.0 
24916531347456.0 1375926912.0 
33428080689152.0 14442758144.0 
31579032256512.0 24753004544.0 
31169380876288.0 12302248960.0 
31579032256512.0 16862289920.0 
36921002688512.0 8662228992.0 
17301576351744.0 6211361280.0 
6519899291648.0 1859759360.0 
24916531347456.0 4439306752.0 
24916531347456.0 2971115008.0 
11331279257600.0 35813040128.0 
13512044707840.0 27443703808.0 
13512044707840.0 3323754752.0 
15486159945728.0 877939264.0 
26259245498368.0 2461996800.0 
30303129174016.0 1594934400.0 
13512044707840.0 1129519104.0 
10170258161664.0 2818633728.0 
30303129174016.0 1444839936.0 
13512044707840.0 3721184768.0 
13512044707840.0 1936383872.0 
7363319824384.0 1595661312.0 
13512044707840.0 63231373312.0 
21972230602752.0 4294902016.0 
30303129174016.0 34217578496.0 
8810460610560.0 12434690048.0 
13512044707840.0 2650159872.0 
21972230602752.0 1221929856.0 
8810460610560.0 1912264832.0 
6147890741248.0 6136632320.0 
20792588894208.0 4011122688.0 
15598330314752.0 21795231744.0 
20792588894208.0 1734296832.0 
20792588894208.0 702951040.0 
20792588894208.0 1095542656.0 
11604796112896.0 1971010304.0 
12864260669440.0 1093992832.0 
12864260669440.0 4893891584.0 
13933750517760.0 1358703104.0 
7940087480320.0 2550790656.0 
13428704935936.0 1801544192.0 
14752796377088.0 1400977920.0 
11604796112896.0 852791488.0 
4187784740864.0 441541472.0 
11604796112896.0 1354329344.0 
11604796112896.0 812808192.0 
6035486539776.0 1140026240.0 
13428704935936.0 256941072.0 
6035486539776.0 1132878208.0 
13428704935936.0 36135047168.0 
4187784740864.0 569238272.0 
3186247860224.0 627526272.0 
1443311124480.0 11427375104.0 
2616886820864.0 1661806976.0 
11748417470464.0 1671565056.0 
0.0 1089573888.0 
2616886820864.0 1127308288.0 
1898697195520.0 866990208.0 
2616886820864.0 1173336320.0 
1898697195520.0 1419149824.0 
9636012883968.0 6799882240.0 
11552627359744.0 11118625792.0 
9761680523264.0 746209088.0 
9761680523264.0 599501184.0 
14349600030720.0 488298304.0 
7568931946496.0 1277064832.0 
17223781449728.0 2879260160.0 
9761680523264.0 19103059968.0 
3319486742528.0 9408501760.0 
3319486742528.0 7448173056.0 
7050324606976.0 2033446912.0 
7050324606976.0 810168640.0 
7050324606976.0 71451836416.0 
6032519593984.0 4841329664.0 
15952694476800.0 954326144.0 
15952694476800.0 3481703424.0 
4951667376128.0 15392598016.0 
11680058703872.0 5790882304.0 
18807565320192.0 2368118272.0 
2116476993536.0 5534611968.0 
4951667376128.0 1165012224.0 
4951667376128.0 3038592512.0 
11680058703872.0 1465418752.0 
11680058703872.0 1940318464.0 
8340755185664.0 24476950528.0 
8340755185664.0 29289709568.0 
18807565320192.0 18569142272.0 
11355439497216.0 6426640384.0 
3856175202304.0 22991816704.0 
4344708857856.0 643824768.0 
2740324139008.0 632210496.0 
11399784824832.0 2505973760.0 
7711517310976.0 1274519424.0 
16699998863360.0 641236352.0 
11527138574336.0 181668192.0 
11527138574336.0 1146063232.0 
515727982592.0 361799936.0 
11527138574336.0 1158727680.0 
11399784824832.0 10623839232.0 
2504405024768.0 632138048.0 
1403794096128.0 22886356.0 
3685242372096.0 918707200.0 
1374030397440.0 2877413632.0 
4738143748096.0 3474893312.0 
5056664436736.0 1391866624.0 
2225362173952.0 1993611136.0 
3010651226112.0 1024423360.0 
5056664436736.0 1373456128.0 
1040462643200.0 629816256.0 
5056664436736.0 1068173248.0 
3010651226112.0 50413268992.0 
4738143748096.0 53273124864.0 
5056664436736.0 16831671296.0 
1646286733312.0 4576632832.0 
3155989626880.0 1767258112.0 
2593802682368.0 1574860672.0 
5018834960384.0 121475719168.0 
2128314630144.0 38483267584.0 
7316802895872.0 2997951744.0 
4090475839488.0 665073600.0 
5505874395136.0 317528512.0 
4090475839488.0 535981120.0 
5505874395136.0 1272627712.0 
6070417227776.0 29772357632.0 
5790492000256.0 2122807552.0 
5790492000256.0 434351392.0 
5790492000256.0 21488941056.0 
6859022401536.0 19727421440.0 
531812089856.0 923041920.0 
2453583429632.0 10398661632.0 
2131804946432.0 2197988096.0 
1836261179392.0 758713216.0 
2131804946432.0 1134347904.0 
2131804946432.0 2575376384.0 
4562779373568.0 20187799552.0 
3334998851584.0 76884115456.0 
2131804946432.0 12018108416.0 
1836261179392.0 1915220352.0 
12220779986944.0 2660582144.0 
12220779986944.0 1398162048.0 
893883187200.0 2306400512.0 
12220779986944.0 3480674816.0 
1748579254272.0 581395712.0 
1614729314304.0 609732608.0 
8702690066432.0 1173370112.0 
5696352944128.0 1085329536.0 
5696352944128.0 893021888.0 
8702690066432.0 971172672.0 
5696352944128.0 736817216.0 
8702690066432.0 2206966528.0 
8702690066432.0 1030302336.0 
7646493016064.0 3051667456.0 
7646493016064.0 2277177600.0 
7339353571328.0 2021936768.0 
7339353571328.0 19318470656.0 
3167013044224.0 1678474240.0 
1858860220416.0 1246480512.0 
2525995728896.0 53608112128.0 
1858860220416.0 8730588160.0 
1858860220416.0 2888500736.0 
586996252672.0 87352072.0 
6977495760896.0 1676298496.0 
6977495760896.0 1928945792.0 
5193132408832.0 938086336.0 
6977495760896.0 712155328.0 
3901267378176.0 3555854080.0 
5193132408832.0 4879675904.0 
7478739206144.0 1127219968.0 
7066341081088.0 1274459520.0 
4152029609984.0 311681472.0 
7226241581056.0 56410513408.0 
2225080893440.0 1774346368.0 
7123309166592.0 2164001024.0 
283366817792.0 537275648.0 
283366817792.0 1593932800.0 
5349008998400.0 9594119168.0 
193464647680.0 15242780672.0 
346753007616.0 922302912.0 
807810564096.0 409094368.0 
1083547516928.0 1404248960.0 
807810564096.0 747711744.0 
5140603994112.0 736358976.0 
5140603994112.0 8928885760.0 
5049054396416.0 19706339328.0 
4566754525184.0 9733088256.0 
5253085790208.0 1413653376.0 
4963747495936.0 1488829440.0 
4247118938112.0 1589506816.0 
4566754525184.0 10449123328.0 
4566754525184.0 1724385920.0 
5647955918848.0 5306054144.0 
100857561088.0 30713632768.0 
213291008.0 2265288192.0 
2805833662464.0 7589084160.0 
1337043714048.0 633815168.0 
1972282589184.0 3252094464.0 
7543182589952.0 3290370048.0 
7543182589952.0 1219234944.0 
3480308154368.0 5073939456.0 
4651479465984.0 4025352704.0 
4296582627328.0 2754762240.0 
2328052105216.0 863138880.0 
3964314058752.0 6440634880.0 
4181231140864.0 906903552.0 
3964314058752.0 942729472.0 
4510639980544.0 13486203904.0 
3417038389248.0 2424168704.0 
2299122155520.0 4299225600.0 
2299122155520.0 3957358592.0 
1846208364544.0 915612416.0 
2299122155520.0 968365888.0 
3160788697088.0 21369247744.0 
3160788697088.0 3854005248.0 
2299122155520.0 12994330624.0 
3661178863616.0 11712450560.0 
2804505640960.0 4410734080.0 
2804505640960.0 1780218880.0 
1815639752704.0 1720224384.0 
4665100992512.0 32740657152.0 
5938400460800.0 15960078336.0 
4692897169408.0 3318677504.0 
3515675836416.0 353298080.0 
3515675836416.0 1106780288.0 
3567748120576.0 16119203840.0 
3567748120576.0 11819132928.0 
4130245181440.0 19923775488.0 
3440190160896.0 1305479424.0 
4494303690752.0 2053538688.0 
199976663646208.0 3761431296.0 
199976663646208.0 1351951360.0 
196441251250176.0 4294019840.0 
196441251250176.0 1443856256.0 
143621676335104.0 5434820608.0 
41741646299136.0 57883156480.0 
9332383023104.0 43852156928.0 
9332383023104.0 44356440064.0 
41741646299136.0 17737932800.0 
41741646299136.0 32135948288.0 
24104899969024.0 15781308416.0 
32171737743360.0 13975040000.0 
9332383023104.0 30298261504.0 
196441251250176.0 8447139328.0 
9332383023104.0 19513636864.0 
24104899969024.0 20522311680.0 
9332383023104.0 25865660416.0 
199976663646208.0 5650890240.0 
199976663646208.0 3111407360.0 
9332383023104.0 16063838208.0 
184875155980288.0 3459356160.0 
9332383023104.0 12087489536.0 
9332383023104.0 23719155712.0 
143621676335104.0 6340630016.0 
143621676335104.0 16204873728.0 
32171737743360.0 27523231744.0 
32171737743360.0 10551573504.0 
143621676335104.0 9298539520.0 
41741646299136.0 12985436160.0 
9332383023104.0 13279459328.0 
24104899969024.0 4736491520.0 
32171737743360.0 9386567680.0 
213649205493760.0 2293718784.0 
199976663646208.0 2582970880.0 
197899275206656.0 3591276288.0 
213649205493760.0 3216578304.0 
143621676335104.0 12923401216.0 
32171737743360.0 17696987136.0 
14699474190336.0 6475726336.0 
197899275206656.0 1246776832.0 
184875155980288.0 1057400128.0 
199976663646208.0 1074997376.0 
143621676335104.0 6272025600.0 
199976663646208.0 4151517952.0 
143621676335104.0 3348449536.0 
143621676335104.0 5053926912.0 
184875155980288.0 760318144.0 
24104899969024.0 4955577856.0 
213649205493760.0 1110282240.0 
9332383023104.0 3828699904.0 
199976663646208.0 1167571712.0 
11167819890688.0 9215329280.0 
199976663646208.0 2106792832.0 
197899275206656.0 1379915648.0 
143621676335104.0 5752883200.0 
9332383023104.0 1260489472.0 
143621676335104.0 7382339072.0 
9332383023104.0 4323815936.0 
9332383023104.0 5853024768.0 
9332383023104.0 5743524352.0 
197899275206656.0 1321984768.0 
9332383023104.0 4064054272.0 
196441251250176.0 3895246592.0 
197899275206656.0 1015018944.0 
199976663646208.0 1309080960.0 
9332383023104.0 4549462016.0 
32171737743360.0 4400702464.0 
197899275206656.0 1223257216.0 
143621676335104.0 2092939008.0 
9332383023104.0 3458167296.0 
230536362590208.0 1521691648.0 
24104899969024.0 775299712.0 
213649205493760.0 2092655744.0 
143621676335104.0 1676288384.0 
9332383023104.0 1270361344.0 
32171737743360.0 1429739904.0 
9332383023104.0 3081234944.0 
143621676335104.0 4005437440.0 
41741646299136.0 3117639424.0 
9332383023104.0 1207820416.0 
41741646299136.0 1913377920.0 
184875155980288.0 9093762048.0 
252773287329792.0 1231417856.0 
199976663646208.0 2664706816.0 
196441251250176.0 4459807232.0 
196441251250176.0 3839895040.0 
196441251250176.0 3238695680.0 
143621676335104.0 1390028160.0 
197899275206656.0 1129417472.0 
41741646299136.0 2957137920.0 
196441251250176.0 4277187072.0 
196441251250176.0 2790668032.0 
197899275206656.0 959121216.0 
252773287329792.0 1330215936.0 
143621676335104.0 2023265024.0 
184875155980288.0 1052409664.0 
143621676335104.0 4716873216.0 
184875155980288.0 2959026944.0 
196441251250176.0 1518917888.0 
196441251250176.0 1532457856.0 
184875155980288.0 756681280.0 
196441251250176.0 1347334144.0 
196441251250176.0 1360806016.0 
196441251250176.0 1161715584.0 
196441251250176.0 1139651072.0 
184875155980288.0 2740982784.0 
143621676335104.0 4179431168.0 
143621676335104.0 2301603328.0 
184875155980288.0 2154196736.0 
184875155980288.0 1234924928.0 
184875155980288.0 1303358208.0 
196441251250176.0 1714652928.0 
184875155980288.0 1500332544.0 
230536362590208.0 22097938432.0 
143621676335104.0 289805500416.0 
184875155980288.0 72084733952.0 
213649205493760.0 41599082496.0 
199976663646208.0 100343513088.0 
9332383023104.0 182980182016.0 
213649205493760.0 80765239296.0 
199976663646208.0 62143070208.0 
184875155980288.0 32662228992.0 
197899275206656.0 24717185024.0 
143621676335104.0 52643225600.0 
184875155980288.0 26183233536.0 
199976663646208.0 11912208384.0 
143621676335104.0 20278853632.0 
9332383023104.0 14039822336.0 
41741646299136.0 15726057472.0 
184875155980288.0 15737069568.0 
9332383023104.0 18423814144.0 
143621676335104.0 17006735360.0 
184875155980288.0 12629285888.0 
143621676335104.0 7786394112.0 
9332383023104.0 7793196032.0 
9332383023104.0 5241188864.0 
41741646299136.0 6864890368.0 
41741646299136.0 4534143488.0 
24104899969024.0 4030087936.0 
9332383023104.0 2493212672.0 
41741646299136.0 2293454336.0 
9332383023104.0 2862985984.0 
32171737743360.0 2407930368.0 
143621676335104.0 5026823680.0 
9332383023104.0 1403997184.0 
9963821858816.0 1033781568.0 
32171737743360.0 1351850624.0 
9963821858816.0 1876029312.0 
41741646299136.0 2590151168.0 
41741646299136.0 1748411520.0 
230536362590208.0 1458322432.0 
9332383023104.0 1460409216.0 
14699474190336.0 4627409408.0 
9332383023104.0 1718341248.0 
41741646299136.0 2994464000.0 
9332383023104.0 2206691840.0 
9332383023104.0 1508078720.0 
41741646299136.0 3652860928.0 
143621676335104.0 7336645120.0 
24104899969024.0 2594750208.0 
14699474190336.0 2522184960.0 
41741646299136.0 1395147904.0 
9262279426048.0 1779681920.0 
97955285565440.0 1031470400.0 
2257413734400.0 66572414976.0 
2257413734400.0 25415456768.0 
82764229509120.0 20135630848.0 
2257413734400.0 8107329024.0 
62838433382400.0 8539831808.0 
82764229509120.0 7534571520.0 
2257413734400.0 5096292864.0 
1658269859840.0 3846744064.0 
82764229509120.0 11119779840.0 
97955285565440.0 2673151744.0 
82764229509120.0 16497873920.0 
76778680877056.0 2341315584.0 
2257413734400.0 9272920064.0 
82764229509120.0 1697650560.0 
16839083032576.0 6477767168.0 
82764229509120.0 9842085888.0 
62838433382400.0 10921325568.0 
82764229509120.0 4067407872.0 
56021263319040.0 4412342784.0 
1658269859840.0 2847300352.0 
71868434350080.0 3816933376.0 
16839083032576.0 9289281536.0 
9262279426048.0 7756367360.0 
76778680877056.0 4278396928.0 
82764229509120.0 10434244608.0 
16839083032576.0 5903177216.0 
97955285565440.0 9095188480.0 
2257413734400.0 4702483968.0 
16839083032576.0 1725370496.0 
2257413734400.0 8993633280.0 
97955285565440.0 8351604224.0 
2257413734400.0 4081862144.0 
16839083032576.0 6714696192.0 
7693978828800.0 9077844992.0 
16839083032576.0 2459735808.0 
2336341360640.0 2268248576.0 
62838433382400.0 3132857088.0 
71868434350080.0 922218048.0 
2257413734400.0 4016433920.0 
82764229509120.0 1339811072.0 
82764229509120.0 1367886720.0 
56021263319040.0 1362464768.0 
1658269859840.0 8848429056.0 
71868434350080.0 7640626176.0 
76778680877056.0 1763553024.0 
16839083032576.0 4450329088.0 
71868434350080.0 6419907072.0 
2257413734400.0 2121057024.0 
16839083032576.0 1162250752.0 
71868434350080.0 2416197888.0 
16839083032576.0 1471794816.0 
9262279426048.0 1940794112.0 
97955285565440.0 1464881280.0 
9262279426048.0 1361381248.0 
1658269859840.0 1137803904.0 
56021263319040.0 1541715328.0 
71868434350080.0 152887083008.0 
71868434350080.0 47373340672.0 
82764229509120.0 50226298880.0 
62838433382400.0 30449281024.0 
82764229509120.0 19552655360.0 
76778680877056.0 21774759936.0 
1658269859840.0 7968188928.0 
97955285565440.0 1274208768.0 
76778680877056.0 918743808.0 
56021263319040.0 13870700544.0 
114683386265600.0 3332286720.0 
97955285565440.0 479788367872.0 
82764229509120.0 1262026112.0 
71868434350080.0 5907969024.0 
71868434350080.0 2455711488.0 
16839083032576.0 2885138944.0 
2257413734400.0 1232323456.0 
16839083032576.0 1405344256.0 
16839083032576.0 3563681280.0 
62838433382400.0 1695219456.0 
16839083032576.0 13300758528.0 
16839083032576.0 1487627904.0 
16839083032576.0 2472628480.0 
7693978828800.0 11229347840.0 
58048877953024.0 1268312448.0 
53632703660032.0 1363694976.0 
417313587200.0 1378293248.0 
5440035880960.0 49289334784.0 
5440035880960.0 11019980800.0 
5440035880960.0 16574511104.0 
5440035880960.0 19720849408.0 
10681972686848.0 3077752832.0 
9582379270144.0 4634531328.0 
9582379270144.0 14092871680.0 
9582379270144.0 4670862336.0 
5440035880960.0 7463248896.0 
9582379270144.0 5668959232.0 
9582379270144.0 5619492352.0 
10185964781568.0 25376372736.0 
10681972686848.0 7384935424.0 
5440035880960.0 853229376.0 
417313587200.0 722572864.0 
417313587200.0 1072967936.0 
9582379270144.0 1113895424.0 
9582379270144.0 958547648.0 
5440035880960.0 2460370944.0 
9582379270144.0 1962253568.0 
417313587200.0 1266058880.0 
417313587200.0 1940169216.0 
417313587200.0 722113984.0 
1381582897152.0 1202572032.0 
417313587200.0 1491874560.0 
10185964781568.0 33427218432.0 
417313587200.0 14951065600.0 
5440035880960.0 33212198912.0 
10185964781568.0 14606077952.0 
91511545856.0 3393726976.0 
1381582897152.0 16228072448.0 
10681972686848.0 3220865536.0 
1142512680960.0 1593968128.0 
10185964781568.0 2260502784.0 
10185964781568.0 2240461056.0 
9638708772864.0 1723577344.0 
9638708772864.0 1589375488.0 
9638708772864.0 24621957120.0 
10584101748736.0 2912662016.0 
9638708772864.0 1333503616.0 
5671213858816.0 2708683008.0 
9638708772864.0 654863104.0 
5199773564928.0 4329519616.0 
6211141369856.0 2693323520.0 
5671213858816.0 1981714560.0 
8841203810304.0 2599704064.0 
36277827141632.0 858221184.0 
44369591664640.0 2097684096.0 
39100618899456.0 1155276544.0 
8841203810304.0 994815552.0 
39100618899456.0 74415300608.0 
44369591664640.0 13768349696.0 
5671213858816.0 27004631040.0 
43341974601728.0 13897766912.0 
9638708772864.0 3226716160.0 
9638708772864.0 2677198080.0 
9638708772864.0 2668337920.0 
10584101748736.0 642281280.0 
9638708772864.0 3855088128.0 
9638708772864.0 7130891776.0 
8789043970048.0 5006560768.0 
10030747222016.0 51219988480.0 
9557377024000.0 13092322304.0 
10030747222016.0 6672834048.0 
8789043970048.0 2220280576.0 
8789043970048.0 10185606144.0 
8789043970048.0 2961530880.0 
6308788961280.0 5518034944.0 
6308788961280.0 1014199680.0 
9077859024896.0 921417856.0 
5498361348096.0 2074242048.0 
8789043970048.0 601785792.0 
8789043970048.0 2581560320.0 
9077859024896.0 1404670336.0 
9077859024896.0 2051469696.0 
6308788961280.0 973766656.0 
6308788961280.0 4119438592.0 
3033783599104.0 1801644672.0 
8789043970048.0 982233216.0 
9557377024000.0 1299267712.0 
5498361348096.0 2514589184.0 
9077859024896.0 5701264896.0 
5498361348096.0 1302691072.0 
3033783599104.0 1846160000.0 
10030747222016.0 1606334592.0 
6308788961280.0 1975797504.0 
5498361348096.0 1603073664.0 
9077859024896.0 63341555712.0 
9557377024000.0 48571138048.0 
9557377024000.0 28413257728.0 
6308788961280.0 9283082240.0 
6308788961280.0 7352193536.0 
8789043970048.0 3473626112.0 
9077859024896.0 2577962240.0 
1641225912320.0 1011470976.0 
6308788961280.0 482923040.0 
42122388439040.0 2832483328.0 
6175996772352.0 1865846400.0 
40757297676288.0 1134912384.0 
24532190494720.0 2449119744.0 
16997635063808.0 3461812736.0 
24532190494720.0 2785839104.0 
16997635063808.0 18126219264.0 
6175996772352.0 5098392576.0 
6175996772352.0 6434625536.0 
6175996772352.0 1049450496.0 
6175996772352.0 4432759808.0 
1120359546880.0 9528201216.0 
16997635063808.0 8360551424.0 
170341974016.0 4806989824.0 
355459170304.0 7943231488.0 
6175996772352.0 2472957696.0 
24532190494720.0 5576828928.0 
6175996772352.0 595673088.0 
212980760576.0 5930242048.0 
170341974016.0 788461504.0 
1120359546880.0 2804104192.0 
24532190494720.0 880710784.0 
6175996772352.0 2341552640.0 
16997635063808.0 1290568064.0 
355459170304.0 8305417728.0 
24532190494720.0 18527690752.0 
6175996772352.0 33765863424.0 
6175996772352.0 20948711424.0 
6175996772352.0 18896852992.0 
16997635063808.0 163807232000.0 
6175996772352.0 14078176256.0 
212980760576.0 5376235008.0 
1120359546880.0 1011729472.0 
6175996772352.0 8963994624.0 
355459170304.0 837185664.0 
1120359546880.0 3020706304.0 
35324315041792.0 978963520.0 
33030869614592.0 1226998528.0 
8687517171712.0 27654217728.0 
11729890181120.0 16546949120.0 
26379678646272.0 3963596800.0 
9903606333440.0 546587648.0 
33030869614592.0 1074760320.0 
9903606333440.0 12013286400.0 
11729890181120.0 3937371392.0 
33030869614592.0 973805056.0 
11729890181120.0 1884940160.0 
33030869614592.0 757453376.0 
9903606333440.0 1326118912.0 
16960552173568.0 3626465280.0 
26379678646272.0 55371497472.0 
11729890181120.0 54317690880.0 
16960552173568.0 12820480000.0 
6753850228736.0 4510495232.0 
9903606333440.0 3185221888.0 
8687517171712.0 1602313088.0 
11729890181120.0 1705210368.0 
11729890181120.0 2637660160.0 
9267524403200.0 4800041472.0 
12476137603072.0 3724856576.0 
12476137603072.0 1014815040.0 
15542816604160.0 5697024000.0 
11193996541952.0 5033637376.0 
22997668724736.0 1198309376.0 
12476137603072.0 1132227072.0 
15542816604160.0 1274885504.0 
11193996541952.0 946979776.0 
15542816604160.0 1329165312.0 
19356595519488.0 1070089728.0 
26797970292736.0 736064064.0 
19356595519488.0 21961775104.0 
11193996541952.0 27403266048.0 
9267524403200.0 14553362432.0 
15542816604160.0 5866353664.0 
12476137603072.0 3834952448.0 
9267524403200.0 2017690240.0 
11193996541952.0 676400704.0 
21213644587008.0 4701570048.0 
8518067814400.0 7883936256.0 
11306731044864.0 4756884480.0 
6111495192576.0 857856320.0 
16999497334784.0 1303758720.0 
11306731044864.0 2743655936.0 
21213644587008.0 2960460288.0 
11306731044864.0 4004462848.0 
7217399463936.0 2031980544.0 
16999497334784.0 45592584192.0 
8518067814400.0 1710619520.0 
116078788608.0 3618508032.0 
7217399463936.0 7159928832.0 
3500871254016.0 4139403776.0 
2246352044032.0 13453662208.0 
3500871254016.0 11681686528.0 
2246352044032.0 2716929280.0 
3500871254016.0 432308832.0 
2246352044032.0 1679373952.0 
4082807078912.0 1660851712.0 
1712785063936.0 2043172608.0 
491587305472.0 856254976.0 
1842155749376.0 886238976.0 
1842155749376.0 1548560128.0 
3500871254016.0 347344384.0 
4082807078912.0 10689079296.0 
3962520469504.0 28389437440.0 
4573279289344.0 34655281152.0 
2246352044032.0 3282532864.0 
10203028258816.0 954062848.0 
3868575399936.0 5341293056.0 
15675930181632.0 16717882368.0 
15675930181632.0 14770604032.0 
6547316932608.0 3304667648.0 
4900283482112.0 6986475008.0 
15675930181632.0 5015387648.0 
6547316932608.0 6169069568.0 
15675930181632.0 5452451840.0 
6547316932608.0 2604984064.0 
19923883524096.0 2498642688.0 
10203028258816.0 1950165504.0 
6547316932608.0 3501820160.0 
19982702346240.0 2546859008.0 
15675930181632.0 9564978176.0 
10203028258816.0 3250359296.0 
6547316932608.0 11360453632.0 
5239522459648.0 1657529088.0 
8060732964864.0 788704448.0 
6717164224512.0 808317888.0 
106645504.0 3061352960.0 
6717164224512.0 2320010240.0 
2688251854848.0 689485312.0 
2688251854848.0 569644032.0 
5239522459648.0 20222920704.0 
6717164224512.0 781244992.0 
6884161486848.0 5637946880.0 
7504266264576.0 2965536512.0 
7504266264576.0 1330389248.0 
3259338588160.0 5989261312.0 
10173177397248.0 1939372160.0 
7504266264576.0 816873152.0 
10173177397248.0 76336103424.0 
10173177397248.0 10699412480.0 
23821409058816.0 2326174208.0 
7390873255936.0 869713216.0 
155566718976.0 3105159936.0 
4345348751360.0 903679360.0 
11271237795840.0 31310385152.0 
5363474104320.0 6188526080.0 
5363474104320.0 1856878336.0 
11271237795840.0 2556342272.0 
0.0 991378432.0 
3515035942912.0 1387346048.0 
4345348751360.0 1577916160.0 
3515035942912.0 1357338368.0 
5363474104320.0 854286208.0 
4345348751360.0 645804928.0 
5363474104320.0 23339321344.0 
11271237795840.0 22244130816.0 
11271237795840.0 18351998976.0 
4345348751360.0 26429003776.0 
4345348751360.0 1107715840.0 
11271237795840.0 1685164928.0 
4345348751360.0 4564111360.0 
4122042433536.0 3040954112.0 
11417661997056.0 1502544000.0 
7772828598272.0 5001282048.0 
4122042433536.0 5392921088.0 
2070745579520.0 1201644416.0 
11742709022720.0 71510425600.0 
11417661997056.0 22671790080.0 
0.0 1150171136.0 
7772828598272.0 2475173888.0 
9962988240896.0 1178434176.0 
9962988240896.0 7063372800.0 
9962988240896.0 947019712.0 
4071308656640.0 4061836544.0 
950967730176.0 2754228736.0 
9962988240896.0 859429120.0 
130282029056.0 1308328704.0 
9962988240896.0 441962112.0 
4071308656640.0 2310220032.0 
4071308656640.0 848425984.0 
130282029056.0 739099520.0 
9962988240896.0 2662955264.0 
9962988240896.0 16385203200.0 
9962988240896.0 52723621888.0 
130282029056.0 11205047296.0 
950967730176.0 604930048.0 
424100102144.0 1755957888.0 
130282029056.0 16720540672.0 
3641663029248.0 776629568.0 
4530640519168.0 8912937984.0 
3424920272896.0 1344364544.0 
3424920272896.0 458805984.0 
5120002621440.0 7258372096.0 
5120002621440.0 1244744704.0 
9103512436736.0 27935768576.0 
3598733279232.0 23068878848.0 
5120002621440.0 1215073152.0 
6038103785472.0 7651657216.0 
13108285276160.0 1045857152.0 
6038103785472.0 10289124352.0 
5054444077056.0 14360470528.0 
6038103785472.0 5779477504.0 
6038103785472.0 1250736000.0 
6038103785472.0 6947376128.0 
276725694464.0 756644544.0 
5054444077056.0 2177200128.0 
276725694464.0 1080511616.0 
10198897917952.0 1434712704.0 
5054444077056.0 659204544.0 
12399896690688.0 1331263360.0 
276725694464.0 6870910464.0 
10198897917952.0 4941551616.0 
231129890816.0 4761091584.0 
12285001072640.0 1705752320.0 
11940515545088.0 1214663168.0 
231129890816.0 1470256384.0 
255542018048.0 3803835136.0 
11940515545088.0 634095296.0 
1131411800064.0 1082587648.0 
7893231861760.0 609486208.0 
6747703476224.0 874887360.0 
4955225194496.0 670909120.0 
7893231861760.0 166791600.0 
7893231861760.0 63292686336.0 
7893231861760.0 3358153984.0 
8143567323136.0 1392805888.0 
8317447962624.0 1123220224.0 
932692492288.0 1520428800.0 
8143567323136.0 519279488.0 
932692492288.0 1405115904.0 
10178916253696.0 875662912.0 
8317447962624.0 12154849280.0 
8317447962624.0 21273577472.0 
932692492288.0 1148222592.0 
5504333512704.0 9899666432.0 
2077658054656.0 2420617216.0 
6002494144512.0 3786354944.0 
5900211322880.0 46245670912.0 
6002494144512.0 1401951616.0 
5504333512704.0 4198254080.0 
5042131697664.0 1567016960.0 
5504333512704.0 2121308160.0 
4086772531200.0 465730176.0 
2565503188992.0 903447040.0 
5680715530240.0 1205656320.0 
9122815672320.0 1147739136.0 
8154639237120.0 553727808.0 
5948871016448.0 6986463232.0 
7573614886912.0 1351873024.0 
8322430795776.0 999869632.0 
7573614886912.0 1548792832.0 
2228958789632.0 431837536.0 
6791001800704.0 1425993856.0 
3253347287040.0 1264220928.0 
6791001800704.0 549423360.0 
6791001800704.0 10368093184.0 
3436292603904.0 1794249856.0 
10916621312.0 3370498304.0 
2785115373568.0 1285162240.0 
2785115373568.0 31140902912.0 
8153853853696.0 44094201856.0 
2785115373568.0 878753728.0 
5863592951808.0 4593506816.0 
2026041507840.0 2709206016.0 
4402064654336.0 3298671872.0 
2026041507840.0 1253151104.0 
120150712320.0 1306561536.0 
120150712320.0 1649600384.0 
5863592951808.0 50845171712.0 
2026041507840.0 276497888.0 
120150712320.0 936101952.0 
3795116359680.0 10775487488.0 
4861910319104.0 1037286464.0 
4861910319104.0 1362889984.0 
3795116359680.0 502764320.0 
4656937828352.0 1457650176.0 
4656937828352.0 1911415808.0 
4656937828352.0 1370812032.0 
2158960705536.0 2670750208.0 
5071759736832.0 825075008.0 
4656937828352.0 5940408320.0 
4656937828352.0 3783438848.0 
984745181184.0 1994256640.0 
2947245408256.0 3126441216.0 
4070474776576.0 1185496064.0 
3673879740416.0 1089913216.0 
2947245408256.0 1229165056.0 
4070474776576.0 1228251136.0 
4785852907520.0 1057324160.0 
3673879740416.0 676087936.0 
7298411397120.0 2799684352.0 
6712248500224.0 1836745600.0 
6712248500224.0 652610048.0 
2404003086336.0 872247424.0 
3042693087232.0 11110687744.0 
7298411397120.0 1095057664.0 
2793327034368.0 2835215616.0 
3512020762624.0 7607305728.0 
3512020762624.0 6863094784.0 
3512020762624.0 16510657536.0 
6209774026752.0 733511232.0 
5462324936704.0 1582136064.0 
6693333762048.0 6873398272.0 
3441683333120.0 2447666688.0 
3441683333120.0 1710559104.0 
1998372077568.0 805496064.0 
1666869231616.0 433358336.0 
1426451595264.0 585548288.0 
890887536640.0 2849004288.0 
1576550268928.0 1106242944.0 
1576550268928.0 1142033664.0 
1576550268928.0 1577543040.0 
7253872607232.0 11766739968.0 
5559779590144.0 477789824.0 
7253872607232.0 2367200512.0 
7253872607232.0 4125914624.0 
1842873237504.0 479872224.0 
5262228848640.0 800557120.0 
5093913001984.0 1076117248.0 
2107344420864.0 3039645952.0 
2107344420864.0 936329280.0 
2107344420864.0 495481216.0 
3098963345408.0 290821760.0 
4154375798784.0 1883314048.0 
4816188735488.0 2140368256.0 
38916824498176.0 5228455424.0 
27673034227712.0 20133662720.0 
38916824498176.0 12859614208.0 
32827785609216.0 16849733632.0 
27673034227712.0 74063568896.0 
32827785609216.0 7903821824.0 
38916824498176.0 6360842752.0 
53954037678080.0 3381879552.0 
53954037678080.0 1670567424.0 
26485102477312.0 6588167680.0 
27673034227712.0 12843372544.0 
27673034227712.0 3818751744.0 
53954037678080.0 959585600.0 
32827785609216.0 12683314176.0 
26485102477312.0 1621086848.0 
27673034227712.0 5443187200.0 
46119857946624.0 1485648896.0 
53954037678080.0 2530933504.0 
66450903531520.0 1903976320.0 
32827785609216.0 1360482304.0 
20337056022528.0 847119104.0 
20337056022528.0 3504562944.0 
20337056022528.0 1668331008.0 
5674762764288.0 1213782016.0 
32827785609216.0 887120832.0 
32827785609216.0 1357456000.0 
26485102477312.0 788879232.0 
66450903531520.0 1510847232.0 
46119857946624.0 1008377024.0 
46119857946624.0 36259864576.0 
46119857946624.0 26719178752.0 
38916824498176.0 27392880640.0 
32827785609216.0 15314714624.0 
32827785609216.0 3298625536.0 
53954037678080.0 83148038144.0 
20337056022528.0 17869406208.0 
20337056022528.0 11498988544.0 
20337056022528.0 2507209728.0 
66450903531520.0 1971473536.0 
20337056022528.0 1675260416.0 
27673034227712.0 2204544512.0 
27673034227712.0 1489338368.0 
51706222084096.0 1250389632.0 
35632164372480.0 2253566720.0 
1279746176.0 2102559360.0 
3663845130240.0 3113210880.0 
35632164372480.0 1681490816.0 
4270502969344.0 3825798144.0 
69218456305664.0 1174463744.0 
26736725065728.0 5761666048.0 
3663845130240.0 6468672000.0 
4141200179200.0 14607799296.0 
3663845130240.0 1687859712.0 
3558120620032.0 8918871040.0 
51706222084096.0 1281064960.0 
3663845130240.0 6729688576.0 
3663845130240.0 2978884352.0 
4141200179200.0 448735200.0 
3558120620032.0 5901237760.0 
1279746176.0 1205802496.0 
35632164372480.0 978481088.0 
4270502969344.0 3986206464.0 
3663845130240.0 1672549632.0 
3663845130240.0 3790780672.0 
26736725065728.0 1095499392.0 
69218456305664.0 941408768.0 
26736725065728.0 2191649024.0 
4270502969344.0 1790997504.0 
3663845130240.0 3321188352.0 
3663845130240.0 1602734464.0 
3663845130240.0 1067099712.0 
1279746176.0 1778168192.0 
51706222084096.0 854352512.0 
3663845130240.0 3189445632.0 
1279746176.0 742148032.0 
26736725065728.0 2924011008.0 
4270502969344.0 3438162688.0 
3663845130240.0 1744617344.0 
26736725065728.0 3062564608.0 
35632164372480.0 929065856.0 
51706222084096.0 53337874432.0 
26736725065728.0 44340801536.0 
26736725065728.0 43217231872.0 
51706222084096.0 44480061440.0 
1279746176.0 54545936384.0 
1279746176.0 26013227008.0 
51706222084096.0 20153548800.0 
3663845130240.0 46709944320.0 
1279746176.0 17823930368.0 
3663845130240.0 23952717824.0 
3663845130240.0 18593849344.0 
51706222084096.0 5575004672.0 
1279746176.0 8696556544.0 
347014823936.0 4743190016.0 
35632164372480.0 1564072704.0 
1279746176.0 9865703424.0 
3663845130240.0 5149875712.0 
26736725065728.0 476261088.0 
35632164372480.0 1072549440.0 
4270502969344.0 1881617664.0 
26736725065728.0 1772677248.0 
3663845130240.0 1615129472.0 
26736725065728.0 7672147968.0 
34452770127872.0 29511170048.0 
613017780224.0 15445718016.0 
928038846464.0 15180465152.0 
928038846464.0 31488481280.0 
928038846464.0 50605301760.0 
33232466739200.0 20099319808.0 
4792591056896.0 11738201088.0 
6084659511296.0 12612262912.0 
33232466739200.0 4383647232.0 
34452770127872.0 5148625408.0 
33232466739200.0 21907439616.0 
613017780224.0 8630711296.0 
613017780224.0 6022218240.0 
613017780224.0 12543436800.0 
4458431905792.0 4038730496.0 
46855006191616.0 935568448.0 
34452770127872.0 1307328896.0 
613017780224.0 5842029568.0 
613017780224.0 6598071296.0 
46855006191616.0 1391133056.0 
34452770127872.0 3221318656.0 
33232466739200.0 762019456.0 
613017780224.0 9125567488.0 
33232466739200.0 2790409216.0 
613017780224.0 5903263744.0 
33232466739200.0 433169664.0 
928038846464.0 2156556544.0 
34452770127872.0 1794231424.0 
4792591056896.0 2286701824.0 
33232466739200.0 2687729920.0 
928038846464.0 2227550720.0 
33232466739200.0 1023880256.0 
928038846464.0 1669650944.0 
33232466739200.0 473236512.0 
613017780224.0 951081088.0 
46855006191616.0 1253104256.0 
34452770127872.0 1384367616.0 
46855006191616.0 1414732928.0 
42811260928000.0 1899411200.0 
65700731289600.0 24867952640.0 
42811260928000.0 28030945280.0 
34452770127872.0 37874667520.0 
46855006191616.0 19426783232.0 
46855006191616.0 33404383232.0 
54576631775232.0 13539049472.0 
613017780224.0 14128861184.0 
34452770127872.0 13627510784.0 
33232466739200.0 5642823168.0 
42811260928000.0 4178752000.0 
46855006191616.0 2767187968.0 
928038846464.0 18483384320.0 
33232466739200.0 1906483712.0 
928038846464.0 1293681920.0 
33232466739200.0 733368128.0 
928038846464.0 9869962240.0 
613017780224.0 1552465152.0 
928038846464.0 2784720128.0 
33232466739200.0 1863772032.0 
10017600176128.0 49956614144.0 
11302707658752.0 2444715520.0 
11302707658752.0 1845425408.0 
11521699610624.0 4873822208.0 
9519914549248.0 4941780480.0 
9731373531136.0 2550783232.0 
956377464832.0 1673523328.0 
11302707658752.0 1915236736.0 
7502559707136.0 4898245632.0 
10864104046592.0 2359354112.0 
7502559707136.0 1482052608.0 
2094827831296.0 738984256.0 
10864104046592.0 1096482304.0 
10017600176128.0 155125137408.0 
9519914549248.0 57618874368.0 
1574146015232.0 2578991872.0 
2094827831296.0 649893376.0 
1574146015232.0 996902592.0 
9519914549248.0 3091196928.0 
7065070731264.0 24707291136.0 
5963558420480.0 2501069056.0 
6642561187840.0 2202684160.0 
7065070731264.0 1695537664.0 
6982934724608.0 843057024.0 
6563216490496.0 564419200.0 
5963558420480.0 791078784.0 
5963558420480.0 1628209792.0 
7065070731264.0 1607529728.0 
6982934724608.0 1964877440.0 
6578864390144.0 1959898880.0 
5959302250496.0 1617648128.0 
6578864390144.0 1647286912.0 
7065070731264.0 1509102976.0 
6578864390144.0 15951180800.0 
6940916187136.0 2821764864.0 
6578864390144.0 60537257984.0 
6940916187136.0 4697110528.0 
5664592101376.0 1606332544.0 
5167246737408.0 3318454016.0 
4862598709248.0 1042754880.0 
2988963266560.0 2677106944.0 
5167246737408.0 572963072.0 
6335441141760.0 9544991744.0 
3630077313024.0 1487359104.0 
4862598709248.0 986281664.0 
3630077313024.0 1091276288.0 
5167246737408.0 191508288.0 
5167246737408.0 89021538304.0 
5167246737408.0 19842947072.0 
8550701072384.0 54544429056.0 
4862598709248.0 1397090688.0 
4862598709248.0 1795791744.0 
16897504444416.0 1181575680.0 
13523494109184.0 1994591744.0 
13523494109184.0 3731509248.0 
13523494109184.0 776120640.0 
10761529196544.0 2335288064.0 
10761529196544.0 2267226880.0 
11430750322688.0 3076467712.0 
13523494109184.0 1012583232.0 
74487046144.0 4863421440.0 
11430750322688.0 26288721920.0 
74487046144.0 7583682048.0 
7014724927488.0 3624679168.0 
20215702224896.0 1066218816.0 
20215702224896.0 798620928.0 
7146877485056.0 8858090496.0 
10422844391424.0 8719785984.0 
20215702224896.0 1753355648.0 
10422844391424.0 1274131712.0 
4893845749760.0 1969282944.0 
7146877485056.0 7874475008.0 
7146877485056.0 1299177088.0 
20215702224896.0 2967211264.0 
7146877485056.0 5306432000.0 
9695046.0 2944445952.0 
4893845749760.0 2256872192.0 
5560138727424.0 6713326080.0 
4764155772928.0 2752463872.0 
3833411665920.0 2392388608.0 
5560138727424.0 1570823168.0 
2958569242624.0 3244880640.0 
5464292589568.0 2996362240.0 
5403437432832.0 818030400.0 
5464292589568.0 48545841152.0 
5623621091328.0 194856681472.0 
2958569242624.0 2014776576.0 
3833411665920.0 1414450304.0 
4147637911552.0 968352704.0 
2682173521920.0 1813892864.0 
3759777775616.0 4156078592.0 
3075860070400.0 2645113344.0 
2952752267264.0 489138848.0 
3759777775616.0 1050303552.0 
2952752267264.0 844797440.0 
2952752267264.0 3806137344.0 
3528899952640.0 29829613568.0 
3528899952640.0 17060776960.0 
5124258267136.0 1724684544.0 
6681961431040.0 1495128960.0 
3512408735744.0 1546244224.0 
5124258267136.0 17894119424.0 
6007147724800.0 10210853888.0 
6681961431040.0 9709550592.0 
15891683082240.0 1282284288.0 
3512408735744.0 4979731456.0 
6681961431040.0 13517959168.0 
6681961431040.0 1257120384.0 
7057577082880.0 35018031104.0 
9557327740928.0 6379729920.0 
8356974559232.0 3000414720.0 
8356974559232.0 1975890688.0 
9557327740928.0 638273088.0 
9693407739904.0 24673918976.0 
8356974559232.0 2141180544.0 
8356974559232.0 1697135744.0 
3896041275392.0 7891531776.0 
18401198080.0 26150019072.0 
3133681434624.0 21231955968.0 
3133681434624.0 15252687872.0 
5863505920000.0 2501372416.0 
5863505920000.0 3056701440.0 
5863505920000.0 2213533952.0 
5863505920000.0 797851328.0 
5863505920000.0 1289456000.0 
9308058157056.0 10677880832.0 
9308058157056.0 15845626880.0 
10596054466560.0 54381117440.0 
9416313143296.0 24603492352.0 
9416313143296.0 9143663616.0 
2390109978624.0 507849120.0 
3199219793920.0 10725864448.0 
5109415149568.0 9548723200.0 
11119297036288.0 779895232.0 
7774117822464.0 3917205248.0 
5109415149568.0 1093315328.0 
5109415149568.0 1152522752.0 
7774117822464.0 1369841536.0 
4990825398272.0 1753775360.0 
11079954464768.0 21156075520.0 
3914490970112.0 1287360896.0 
5828981555200.0 1459768448.0 
10534627835904.0 23957790720.0 
1687073849344.0 4228810752.0 
5037429882880.0 9110172672.0 
5233318035456.0 964748800.0 
5233318035456.0 1129021440.0 
5233318035456.0 734305728.0 
3035509293056.0 4804222976.0 
4545163821056.0 1930541824.0 
2283328765952.0 1274063232.0 
5477885280256.0 10534849536.0 
3035509293056.0 2475066880.0 
5477885280256.0 913209216.0 
3035509293056.0 2162635776.0 
4545163821056.0 3290962176.0 
2551997792256.0 557847232.0 
5477885280256.0 1337686912.0 
18787564781568.0 2496488960.0 
5477885280256.0 22941587456.0 
4545163821056.0 1699069056.0 
3035509293056.0 1485538944.0 
2180493475840.0 593344320.0 
2488970248192.0 1146369792.0 
2488970248192.0 2295826176.0 
1750876946432.0 946353152.0 
1750876946432.0 20490610688.0 
3627411308544.0 5862713344.0 
3627411308544.0 7472950784.0 
5768116436992.0 1300333440.0 
3627411308544.0 794580032.0 
2319656157184.0 1992624640.0 
2824864792576.0 1223114112.0 
2824864792576.0 1382029184.0 
2319656157184.0 1941048960.0 
2319656157184.0 1634028544.0 
1932494241792.0 6648831488.0 
992762986496.0 1047299200.0 
1932494241792.0 29369079808.0 
1255004307456.0 12979456000.0 
5233055891456.0 36019224576.0 
4765386801152.0 1624851840.0 
3407944613888.0 3037425664.0 
4876113805312.0 813295616.0 
3473676697600.0 2655335424.0 
2615151427584.0 632641024.0 
4797826072576.0 972506560.0 
4645594857472.0 3789853440.0 
6989856374784.0 1705118592.0 
6989856374784.0 17300492288.0 
4645594857472.0 2324818432.0 
4645594857472.0 2480691200.0 
4645594857472.0 3190336256.0 
4645594857472.0 884166336.0 
5752031805440.0 548523200.0 
5548116279296.0 4347543552.0 
5548116279296.0 1836845568.0 
3758284603392.0 1348355968.0 
5905136484352.0 1497915520.0 
5349843140608.0 945218560.0 
6519084548096.0 677295168.0 
4585630990336.0 364158304.0 
6832690561024.0 6724563456.0 
6832690561024.0 2497609984.0 
3776462979072.0 1135411456.0 
6832690561024.0 21118984192.0 
3776462979072.0 1910329856.0 
3776462979072.0 842377920.0 
6832690561024.0 3168968192.0 
6832690561024.0 4309969920.0 
7798103474176.0 5983508480.0 
2220669534208.0 783169536.0 
12516305920.0 3968221440.0 
5011951058944.0 578757440.0 
6660118544384.0 973460992.0 
6660118544384.0 23810336768.0 
5378559442944.0 31807117312.0 
5011951058944.0 3882413312.0 
6660118544384.0 18071318528.0 
6060770852864.0 4665657856.0 
2877897048064.0 1369567232.0 
3182951661568.0 538682560.0 
6060770852864.0 22748260352.0 
35638988800.0 340239680.0 
4005663342592.0 1592777088.0 
1718980050944.0 2757371904.0 
7449780158464.0 3727844608.0 
4020942667776.0 3048658688.0 
7449780158464.0 582645952.0 
6753995456512.0 1973358208.0 
1705407152128.0 2106299008.0 
4020942667776.0 463435040.0 
4020942667776.0 3563926016.0 
6753995456512.0 1358731520.0 
5029179162624.0 7811527680.0 
5462838738944.0 1287494016.0 
3515501510656.0 1396975232.0 
4399010676736.0 496427040.0 
5462838738944.0 4248275968.0 
3515501510656.0 2512367104.0 
1696351911936.0 869985728.0 
2836120993792.0 66760015872.0 
1696351911936.0 16025205760.0 
1219055058944.0 540689920.0 
3218309382144.0 3896976128.0 
2340374446080.0 2968995072.0 
3958147907584.0 15684606976.0 
3958147907584.0 578053952.0 
5064371994624.0 1019153280.0 
2807985864704.0 900574464.0 
3919357935616.0 685009664.0 
3188032012288.0 2611565056.0 
6392787238912.0 16774089728.0 
